Project	Species	NumIsolates	AvgGenomeBP	TotalBP	NumVariantSite	NumBiallelicSite	NumTriallelicSite	NumQuadallelicSite	NumMultiallelicSite	NumVariantLow	NumBiallelicLow	NumMultiallelicLow	NumVariantModerate	NumBiallelicModerate	NumMultiallelicModerate	NumVariantHigh	NumBiallelicHigh	NumMultiallelicHigh	MeanSNPDist	MedianSNPDist	MaxSNPDist	NumBiallelicOverlappingGene	Percent	Dataset Size (#)	Dataset	hex_color	color
Cd_3	C. difficile	107	4300000	460100000	144131	140604	3471	56	3527	98420	95547	2873	47305	46082	1223	531	511	20	18010.370481396578	16071	80084	11511	100	107	C. difficile #3	#42d4f4	cyan
Cd_4	C. difficile	247	4300000	1062100000	124377	121917	2436	24	2460	81755	79807	1948	43217	42279	938	587	573	14	6840.76893453145	2495	72812	7862	100	247	C. difficile #4	#4363d8	blue
Kp_1	K. pneumoniae	453	5400000	2446200000	88954	88034	907	13	920	67984	67169	815	20527	20362	165	376	373	3	3825.3720330539763	44	27209	76	100	453	K. pneumoniae #1	#911eb4	purple
Kp_2	K. pneumoniae	286	5400000	1544400000	4534	4491	42	1	43	2656	2619	37	1739	1728	11	139	138	1	204.56596736596737	67	2125	8	100	286	K. pneumoniae #2	#e6beff	lavendar
Sa_1	S. aureus	150	2800000	420000000	38142	37846	295	1	296	22685	22475	210	14313	14209	104	364	356	8	5194.964295302014	479	14627	74	100	150	S. aureus #1	#e6194B	red
Sa_2	S. aureus	267	2800000	747600000	57399	57008	391	0	391	37814	37520	294	19282	19126	156	413	404	9	5561.357438540171	270	40302	38	100	267	S. aureus #2	#fabebe	pink
Efm_1	E. faecium	152	2900000	440800000	14149	14031	118	0	118	9788	9694	94	4281	4239	42	112	112	0	2976.497211571976	3727	8107	8	100	152	E. faecium #1	#9A6324	brown
Efs_1	E. faecalis	157	2900000	455300000	35171	34970	201	0	201	27105	26934	171	7485	7437	48	123	122	1	5960.129430017965	73	20891	20	100	157	E. faecalis #1	#bfef45	Lime
Sm_1	S. maltophilia	149	4850000	722650000	124578	121498	3018	62	3080	91269	88521	2748	37091	36475	616	331	325	6	11243.41030292037	14312	28842	32594	100	149	S. maltophilia #1	#aaffc3	mint
Lc_1	L. crispatus	28	2040000	57120000	45425	44889	531	5	536	33529	33055	474	11770	11644	126	229	226	3	9501.513227513227	6219.5	23148	34	100	28	L. crispatus #1	#f032e6	magenta
Cd_3	C. difficile	3	4300000	12900000	11204	11184	20	0	20	7849	7830	19	3542	3538	4	32	32	0	7390.333333333333	7520	8570	1447	2.5	3	C. difficile #3	#42d4f4	cyan
Cd_3	C. difficile	3	4300000	12900000	17637	17637	0	0	0	12341	12341	0	5570	5570	0	34	34	0	11757.666666666666	17617	17629	2091	2.5	3	C. difficile #3	#42d4f4	cyan
Cd_3	C. difficile	3	4300000	12900000	13836	13813	23	0	23	9791	9768	23	4286	4284	2	44	44	0	9152.333333333334	8969	10064	1765	2.5	3	C. difficile #3	#42d4f4	cyan
Cd_3	C. difficile	3	4300000	12900000	17325	17325	0	0	0	12021	12021	0	5563	5563	0	42	42	0	11516.333333333334	17201	17295	2091	2.5	3	C. difficile #3	#42d4f4	cyan
Cd_3	C. difficile	3	4300000	12900000	21165	21116	49	0	49	14801	14763	38	6692	6676	16	42	41	1	14119.333333333334	17307	17619	2485	2.5	3	C. difficile #3	#42d4f4	cyan
Cd_3	C. difficile	3	4300000	12900000	8806	8806	0	0	0	6157	6157	0	2803	2803	0	29	29	0	5824	8642	8778	1155	2.5	3	C. difficile #3	#42d4f4	cyan
Cd_3	C. difficile	3	4300000	12900000	78081	78080	1	0	1	57847	57846	1	21557	21556	1	154	154	0	52037	78006	78052	9200	2.5	3	C. difficile #3	#42d4f4	cyan
Cd_3	C. difficile	3	4300000	12900000	6658	6658	0	0	0	4708	4708	0	2065	2065	0	16	16	0	4436	6645	6651	859	2.5	3	C. difficile #3	#42d4f4	cyan
Cd_3	C. difficile	3	4300000	12900000	8048	8048	0	0	0	5734	5734	0	2464	2464	0	28	28	0	5350	7981	8014	1074	2.5	3	C. difficile #3	#42d4f4	cyan
Cd_3	C. difficile	3	4300000	12900000	21089	21045	44	0	44	14621	14585	36	6788	6775	13	56	56	0	13962.666666666666	16925	17244	2505	2.5	3	C. difficile #3	#42d4f4	cyan
Cd_3	C. difficile	5	4300000	21500000	90619	89851	767	1	768	66228	65580	648	25816	25581	235	188	184	4	37787.3	17769.5	76812	9690	5	5	C. difficile #3	#42d4f4	cyan
Cd_3	C. difficile	5	4300000	21500000	21208	21159	49	0	49	14814	14776	38	6718	6702	16	46	45	1	11995.2	17296	17629	2488	5	5	C. difficile #3	#42d4f4	cyan
Cd_3	C. difficile	5	4300000	21500000	26653	26555	97	1	98	18568	18489	79	8504	8474	30	71	70	1	11803.7	9664.5	18685	3116	5	5	C. difficile #3	#42d4f4	cyan
Cd_3	C. difficile	5	4300000	21500000	21203	21165	38	0	38	14491	14461	30	6998	6986	12	56	56	0	9276.5	8032.5	17295	2551	5	5	C. difficile #3	#42d4f4	cyan
Cd_3	C. difficile	5	4300000	21500000	23789	23710	79	0	79	16521	16458	63	7652	7628	24	54	53	1	12630.4	17296	17619	2785	5	5	C. difficile #3	#42d4f4	cyan
Cd_3	C. difficile	5	4300000	21500000	17236	17177	59	0	59	12016	11967	49	5522	5505	17	61	61	0	7996.1	8756	10184	2224	5	5	C. difficile #3	#42d4f4	cyan
Cd_3	C. difficile	5	4300000	21500000	81430	81212	218	0	218	60165	59985	180	22603	22529	74	165	165	0	33139.9	6349	78099	9360	5	5	C. difficile #3	#42d4f4	cyan
Cd_3	C. difficile	5	4300000	21500000	20823	20785	38	0	38	14509	14482	27	6635	6623	12	47	46	1	11806.8	17432	17484	2441	5	5	C. difficile #3	#42d4f4	cyan
Cd_3	C. difficile	5	4300000	21500000	24317	24239	78	0	78	16893	16831	62	7801	7775	26	64	62	2	10937.8	8054	17615	2857	5	5	C. difficile #3	#42d4f4	cyan
Cd_3	C. difficile	5	4300000	21500000	23938	23856	82	0	82	16529	16464	65	7771	7743	28	66	64	2	12610.3	16921	17458	2821	5	5	C. difficile #3	#42d4f4	cyan
Cd_3	C. difficile	8	4300000	34400000	92846	91979	863	4	867	67655	66929	726	26636	26361	275	197	193	4	27679.64285714286	17381	76812	9804	7.5	8	C. difficile #3	#42d4f4	cyan
Cd_3	C. difficile	8	4300000	34400000	24666	24575	89	2	91	17133	17061	72	7918	7890	28	63	62	1	11336.17857142857	17178	17629	2851	7.5	8	C. difficile #3	#42d4f4	cyan
Cd_3	C. difficile	8	4300000	34400000	33433	33242	190	1	191	22928	22774	154	10994	10930	64	94	92	2	11818.642857142857	10069	18685	3744	7.5	8	C. difficile #3	#42d4f4	cyan
Cd_3	C. difficile	8	4300000	34400000	35060	34857	201	2	203	23688	23524	164	11850	11781	69	110	110	0	13300.25	16957.5	18785	4145	7.5	8	C. difficile #3	#42d4f4	cyan
Cd_3	C. difficile	8	4300000	34400000	27321	27200	120	1	121	18715	18617	98	9020	8983	37	65	63	2	12070.285714285714	16949.5	17629	3174	7.5	8	C. difficile #3	#42d4f4	cyan
Cd_3	C. difficile	8	4300000	34400000	90861	90197	657	7	664	66129	65567	562	26163	25963	200	220	217	3	25239.714285714286	8756	78690	9946	7.5	8	C. difficile #3	#42d4f4	cyan
Cd_3	C. difficile	8	4300000	34400000	92920	92115	802	3	805	67597	66933	664	26781	26524	257	203	199	4	25764.285714285714	8850	78909	9724	7.5	8	C. difficile #3	#42d4f4	cyan
Cd_3	C. difficile	8	4300000	34400000	25490	25406	83	1	84	17631	17565	66	8254	8228	26	64	63	1	10351.964285714286	8530.5	17936	3097	7.5	8	C. difficile #3	#42d4f4	cyan
Cd_3	C. difficile	8	4300000	34400000	24604	24523	81	0	81	17061	16997	64	7919	7892	27	69	67	2	10133.785714285714	8054	17624	2889	7.5	8	C. difficile #3	#42d4f4	cyan
Cd_3	C. difficile	8	4300000	34400000	26488	26379	108	1	109	18128	18043	85	8737	8699	38	79	77	2	11535.92857142857	16849	17477	3284	7.5	8	C. difficile #3	#42d4f4	cyan
Cd_3	C. difficile	11	4300000	47300000	97481	96382	1088	11	1099	70446	69526	920	28513	28151	362	222	215	7	22717.272727272728	8712	76812	10033	10	11	C. difficile #3	#42d4f4	cyan
Cd_3	C. difficile	11	4300000	47300000	24844	24753	89	2	91	17219	17147	72	8015	7987	28	63	62	1	10903.690909090908	17175	17629	2869	10	11	C. difficile #3	#42d4f4	cyan
Cd_3	C. difficile	11	4300000	47300000	35346	35129	215	2	217	24121	23946	175	11739	11665	74	102	100	2	12467.181818181818	17172	18779	4073	10	11	C. difficile #3	#42d4f4	cyan
Cd_3	C. difficile	11	4300000	47300000	104401	103051	1334	16	1350	74511	73387	1124	31397	30958	439	265	259	6	25366.654545454545	17295	79677	10366	10	11	C. difficile #3	#42d4f4	cyan
Cd_3	C. difficile	11	4300000	47300000	30076	29923	151	2	153	20508	20384	124	10005	9958	47	77	75	2	11741.2	16854	17815	3411	10	11	C. difficile #3	#42d4f4	cyan
Cd_3	C. difficile	11	4300000	47300000	90905	90240	658	7	665	66152	65589	563	26183	25983	200	221	218	3	19804.236363636363	8592	78690	9957	10	11	C. difficile #3	#42d4f4	cyan
Cd_3	C. difficile	11	4300000	47300000	97249	96261	982	6	988	70136	69322	814	28567	28238	329	227	222	5	31630.236363636363	13821	79539	9972	10	11	C. difficile #3	#42d4f4	cyan
Cd_3	C. difficile	11	4300000	47300000	94162	93329	829	4	833	68336	67640	696	27285	27019	266	210	206	4	23442.454545454544	17433	80001	9960	10	11	C. difficile #3	#42d4f4	cyan
Cd_3	C. difficile	11	4300000	47300000	31756	31576	178	2	180	21987	21846	141	10232	10170	62	104	100	4	11313.236363636364	9913	19262	3651	10	11	C. difficile #3	#42d4f4	cyan
Cd_3	C. difficile	11	4300000	47300000	32228	32043	184	1	185	21852	21707	145	10843	10776	67	96	94	2	11812.218181818182	13726	17638	3866	10	11	C. difficile #3	#42d4f4	cyan
Cd_3	C. difficile	13	4300000	55900000	97511	96412	1088	11	1099	70457	69537	920	28532	28170	362	222	215	7	21074.48717948718	12823.5	76812	10040	12.5	13	C. difficile #3	#42d4f4	cyan
Cd_3	C. difficile	13	4300000	55900000	93808	92973	830	5	835	68119	67420	699	27151	26888	263	210	206	4	21399.384615384617	17288.5	80001	9763	12.5	13	C. difficile #3	#42d4f4	cyan
Cd_3	C. difficile	13	4300000	55900000	38412	38137	273	2	275	26255	26031	224	12698	12607	91	120	118	2	12687.641025641025	17199	19284	4392	12.5	13	C. difficile #3	#42d4f4	cyan
Cd_3	C. difficile	13	4300000	55900000	104427	103077	1334	16	1350	74522	73398	1124	31412	30973	439	265	259	6	23121.29487179487	17327.5	79677	10378	12.5	13	C. difficile #3	#42d4f4	cyan
Cd_3	C. difficile	13	4300000	55900000	34439	34232	205	2	207	23195	23030	165	11729	11662	67	95	92	3	11827.705128205129	16441	18073	4045	12.5	13	C. difficile #3	#42d4f4	cyan
Cd_3	C. difficile	13	4300000	55900000	98704	97642	1052	10	1062	71137	70254	883	29065	28724	341	239	234	5	20510.5641025641	9252	79597	10216	12.5	13	C. difficile #3	#42d4f4	cyan
Cd_3	C. difficile	13	4300000	55900000	99653	98549	1098	6	1104	71589	70678	911	29542	29171	371	244	239	5	29478.076923076922	14054	79641	10128	12.5	13	C. difficile #3	#42d4f4	cyan
Cd_3	C. difficile	13	4300000	55900000	94216	93383	829	4	833	68345	67649	696	27326	27060	266	215	211	4	20878.82051282051	17426.5	80001	9962	12.5	13	C. difficile #3	#42d4f4	cyan
Cd_3	C. difficile	13	4300000	55900000	57550	57025	523	2	525	40651	40226	425	17747	17568	179	163	158	5	15612.679487179486	17192	39408	6322	12.5	13	C. difficile #3	#42d4f4	cyan
Cd_3	C. difficile	13	4300000	55900000	34536	34316	219	1	220	23296	23129	167	11744	11660	84	105	101	4	11717.320512820514	13499	17915	4091	12.5	13	C. difficile #3	#42d4f4	cyan
Cd_3	C. difficile	27	4300000	116100000	103493	102135	1342	16	1358	73770	72652	1118	31223	30761	462	259	251	8	16145.524216524216	13729	77244	10353	25	27	C. difficile #3	#42d4f4	cyan
Cd_3	C. difficile	27	4300000	116100000	105405	104043	1346	16	1362	75013	73881	1132	31900	31464	436	281	273	8	16175.552706552706	16113	80001	10497	25	27	C. difficile #3	#42d4f4	cyan
Cd_3	C. difficile	27	4300000	116100000	68259	67460	791	8	799	46929	46268	661	22266	22003	263	211	206	5	13820.569800569801	13625	39487	7330	25	27	C. difficile #3	#42d4f4	cyan
Cd_3	C. difficile	27	4300000	116100000	121930	119538	2360	32	2392	85007	83040	1967	38454	37659	795	404	392	12	18504.63817663818	16933	79677	10893	25	27	C. difficile #3	#42d4f4	cyan
Cd_3	C. difficile	27	4300000	116100000	43786	43432	351	3	354	29289	29004	285	15076	14959	117	149	146	3	11590.649572649572	9846	19262	4994	25	27	C. difficile #3	#42d4f4	cyan
Cd_3	C. difficile	27	4300000	116100000	107296	105829	1449	18	1467	76034	74826	1208	32765	32274	491	290	282	8	20874.11111111111	16256	79748	10472	25	27	C. difficile #3	#42d4f4	cyan
Cd_3	C. difficile	27	4300000	116100000	107710	106220	1476	14	1490	76416	75184	1232	32793	32294	499	295	288	7	20121.985754985755	10161	80084	10656	25	27	C. difficile #3	#42d4f4	cyan
Cd_3	C. difficile	27	4300000	116100000	104067	102752	1297	18	1315	73998	72902	1096	31538	31103	435	271	264	7	20858.940170940172	16890	80001	10289	25	27	C. difficile #3	#42d4f4	cyan
Cd_3	C. difficile	27	4300000	116100000	67881	67100	775	6	781	46638	46000	638	22163	21898	265	212	207	5	11751.888888888889	8069	39408	7204	25	27	C. difficile #3	#42d4f4	cyan
Cd_3	C. difficile	27	4300000	116100000	106554	105140	1395	19	1414	75717	74551	1166	32361	31879	482	277	269	8	20691.498575498576	16581	79854	10585	25	27	C. difficile #3	#42d4f4	cyan
Cd_3	C. difficile	54	4300000	232200000	126502	123883	2578	41	2619	88748	86594	2154	39412	38536	876	364	351	13	14656.148846960168	13712	77244	11044	50	54	C. difficile #3	#42d4f4	cyan
Cd_3	C. difficile	54	4300000	232200000	136811	133644	3121	46	3167	94648	92055	2593	43817	42739	1078	462	448	14	20090.890985324946	16865	80084	11330	50	54	C. difficile #3	#42d4f4	cyan
Cd_3	C. difficile	54	4300000	232200000	136899	133723	3130	46	3176	94682	92073	2609	43884	42797	1087	465	450	15	15415.948287910553	13435	79734	11350	50	54	C. difficile #3	#42d4f4	cyan
Cd_3	C. difficile	54	4300000	232200000	128897	126179	2679	39	2718	88586	86371	2215	41868	40923	945	451	436	15	18896.317260656884	10717	79717	11086	50	54	C. difficile #3	#42d4f4	cyan
Cd_3	C. difficile	54	4300000	232200000	137307	134159	3102	46	3148	94952	92369	2583	44020	42953	1067	464	451	13	15424.19357092942	16270	80001	11315	50	54	C. difficile #3	#42d4f4	cyan
Cd_3	C. difficile	54	4300000	232200000	132783	129948	2793	42	2835	92291	89973	2318	42140	41171	969	401	386	15	23528.77707896576	16323	79918	11262	50	54	C. difficile #3	#42d4f4	cyan
Cd_3	C. difficile	54	4300000	232200000	123192	120745	2420	27	2447	85527	83518	2009	39173	38338	835	412	397	15	18673.461914744934	16744	80084	10995	50	54	C. difficile #3	#42d4f4	cyan
Cd_3	C. difficile	54	4300000	232200000	114150	112372	1754	24	1778	79904	78447	1457	35719	35110	609	342	334	8	18032.79175401817	13435	80001	10928	50	54	C. difficile #3	#42d4f4	cyan
Cd_3	C. difficile	54	4300000	232200000	130962	128141	2779	42	2821	91266	88958	2308	41332	40375	957	392	375	17	14512.247379454926	13200	77096	11101	50	54	C. difficile #3	#42d4f4	cyan
Cd_3	C. difficile	54	4300000	232200000	116927	115055	1846	26	1872	81510	79975	1535	36963	36320	643	353	342	11	16060.109713487072	10161	79854	10931	50	54	C. difficile #3	#42d4f4	cyan
Cd_3	C. difficile	80	4300000	344000000	143036	139573	3409	54	3463	97934	95108	2826	46728	45530	1198	515	496	19	15850.488924050633	16287	80001	11497	75	80	C. difficile #3	#42d4f4	cyan
Cd_3	C. difficile	80	4300000	344000000	139645	136338	3256	51	3307	96169	93463	2706	45084	43956	1128	491	476	15	18765.10411392405	16321	80084	11364	75	80	C. difficile #3	#42d4f4	cyan
Cd_3	C. difficile	80	4300000	344000000	139073	135794	3228	51	3279	95770	93089	2681	44932	43805	1127	488	472	16	18592.000316455695	14092	79939	11419	75	80	C. difficile #3	#42d4f4	cyan
Cd_3	C. difficile	80	4300000	344000000	143681	140169	3456	56	3512	98282	95415	2867	47030	45812	1218	518	498	20	18806.68607594937	16254.5	79939	11442	75	80	C. difficile #3	#42d4f4	cyan
Cd_3	C. difficile	80	4300000	344000000	141183	137810	3321	52	3373	96958	94205	2753	45857	44698	1159	501	481	20	17148.703164556962	15569.5	80084	11394	75	80	C. difficile #3	#42d4f4	cyan
Cd_3	C. difficile	80	4300000	344000000	141656	138270	3336	50	3386	97190	94430	2760	46074	44902	1172	510	493	17	20067.68892405063	16443.5	80084	11477	75	80	C. difficile #3	#42d4f4	cyan
Cd_3	C. difficile	80	4300000	344000000	143143	139675	3414	54	3468	97985	95157	2828	46759	45563	1196	512	493	19	18842.986075949368	16690.5	80084	11457	75	80	C. difficile #3	#42d4f4	cyan
Cd_3	C. difficile	80	4300000	344000000	120023	117963	2032	28	2060	83194	81516	1678	38339	37617	722	377	364	13	19025.574050632913	14029	80084	11094	75	80	C. difficile #3	#42d4f4	cyan
Cd_4	C. difficile	2	4300000	8600000	1892	1892	0	0	0	1217	1217	0	702	702	0	9	9	0	1892	1892	1892	215	1	2	C. difficile #4	#4363d8	blue
Cd_4	C. difficile	2	4300000	8600000	2145	2145	0	0	0	1359	1359	0	806	806	0	9	9	0	2145	2145	2145	273	1	2	C. difficile #4	#4363d8	blue
Cd_4	C. difficile	2	4300000	8600000	2507	2507	0	0	0	1529	1529	0	1002	1002	0	15	15	0	2507	2507	2507	248	1	2	C. difficile #4	#4363d8	blue
Cd_4	C. difficile	2	4300000	8600000	3950	3950	0	0	0	2534	2534	0	1456	1456	0	13	13	0	3950	3950	3950	372	1	2	C. difficile #4	#4363d8	blue
Cd_4	C. difficile	2	4300000	8600000	7361	7361	0	0	0	4872	4872	0	2547	2547	0	31	31	0	7361	7361	7361	745	1	2	C. difficile #4	#4363d8	blue
Cd_4	C. difficile	2	4300000	8600000	2935	2935	0	0	0	1926	1926	0	1040	1040	0	23	23	0	2935	2935	2935	311	1	2	C. difficile #4	#4363d8	blue
Cd_4	C. difficile	2	4300000	8600000	3336	3336	0	0	0	2005	2005	0	1361	1361	0	21	21	0	3336	3336	3336	329	1	2	C. difficile #4	#4363d8	blue
Cd_4	C. difficile	2	4300000	8600000	1815	1815	0	0	0	1236	1236	0	601	601	0	8	8	0	1815	1815	1815	199	1	2	C. difficile #4	#4363d8	blue
Cd_4	C. difficile	2	4300000	8600000	3664	3664	0	0	0	2318	2318	0	1397	1397	0	25	25	0	3664	3664	3664	364	1	2	C. difficile #4	#4363d8	blue
Cd_4	C. difficile	2	4300000	8600000	66887	66887	0	0	0	48815	48815	0	18824	18824	0	158	158	0	66887	66887	66887	6198	1	2	C. difficile #4	#4363d8	blue
Cd_4	C. difficile	6	4300000	25800000	3001	2998	3	0	3	1886	1883	3	1150	1149	1	14	14	0	1277.1333333333334	1365	2579	316	2.5	6	C. difficile #4	#4363d8	blue
Cd_4	C. difficile	6	4300000	25800000	6325	6312	13	0	13	4077	4066	11	2330	2325	5	23	23	0	2342.5333333333333	2193	3521	661	2.5	6	C. difficile #4	#4363d8	blue
Cd_4	C. difficile	6	4300000	25800000	7801	7778	23	0	23	4761	4740	21	3111	3103	8	46	46	0	2829.3333333333335	2983	3827	809	2.5	6	C. difficile #4	#4363d8	blue
Cd_4	C. difficile	6	4300000	25800000	6423	6410	13	0	13	4137	4126	11	2355	2350	5	21	21	0	2397.9333333333334	2287	3950	601	2.5	6	C. difficile #4	#4363d8	blue
Cd_4	C. difficile	6	4300000	25800000	10546	10525	21	0	21	6874	6857	17	3753	3748	5	45	45	0	3740.866666666667	2842	7361	1090	2.5	6	C. difficile #4	#4363d8	blue
Cd_4	C. difficile	6	4300000	25800000	6219	6205	14	0	14	3962	3950	12	2347	2342	5	34	34	0	2427.2	2390	3676	633	2.5	6	C. difficile #4	#4363d8	blue
Cd_4	C. difficile	6	4300000	25800000	5984	5964	20	0	20	3632	3615	17	2409	2403	6	35	34	1	2454.9333333333334	2617	3336	617	2.5	6	C. difficile #4	#4363d8	blue
Cd_4	C. difficile	6	4300000	25800000	24548	24501	47	0	47	16442	16403	39	8304	8290	14	119	119	0	8363.266666666666	5088	21064	2547	2.5	6	C. difficile #4	#4363d8	blue
Cd_4	C. difficile	6	4300000	25800000	8179	8160	19	0	19	5208	5189	19	3073	3069	4	48	47	1	3091.5333333333333	3242	3764	806	2.5	6	C. difficile #4	#4363d8	blue
Cd_4	C. difficile	6	4300000	25800000	69177	69075	102	0	102	50175	50095	80	19758	19718	40	169	169	0	23094.066666666666	2244	66887	6301	2.5	6	C. difficile #4	#4363d8	blue
Cd_4	C. difficile	12	4300000	51600000	10490	10458	32	0	32	6520	6492	28	4077	4068	9	47	46	1	2189.378787878788	2202	4513	1009	5	12	C. difficile #4	#4363d8	blue
Cd_4	C. difficile	12	4300000	51600000	73509	73254	254	1	255	52760	52544	216	21533	21441	92	192	192	0	12746.848484848484	2200.5	67498	6468	5	12	C. difficile #4	#4363d8	blue
Cd_4	C. difficile	12	4300000	51600000	15169	15106	63	0	63	9566	9514	52	5712	5687	25	78	77	1	3118.939393939394	2796.5	7512	1521	5	12	C. difficile #4	#4363d8	blue
Cd_4	C. difficile	12	4300000	51600000	12257	12215	42	0	42	7473	7437	36	4881	4864	17	65	64	1	2701.7727272727275	2659.5	4633	1160	5	12	C. difficile #4	#4363d8	blue
Cd_4	C. difficile	12	4300000	51600000	75402	75057	344	1	345	54031	53750	281	22138	22029	109	204	204	0	13326.424242424242	2670	67784	6512	5	12	C. difficile #4	#4363d8	blue
Cd_4	C. difficile	12	4300000	51600000	10962	10920	42	0	42	7005	6969	36	4073	4061	12	57	55	2	2645.7727272727275	2842.5	4687	1120	5	12	C. difficile #4	#4363d8	blue
Cd_4	C. difficile	12	4300000	51600000	9842	9803	39	0	39	6236	6202	34	3699	3690	9	53	51	2	2403.318181818182	2521	4702	965	5	12	C. difficile #4	#4363d8	blue
Cd_4	C. difficile	12	4300000	51600000	27359	27285	74	0	74	18001	17938	63	9553	9530	23	137	137	0	5324.257575757576	2257.5	21064	2858	5	12	C. difficile #4	#4363d8	blue
Cd_4	C. difficile	12	4300000	51600000	12237	12191	46	0	46	7570	7531	39	4798	4782	16	69	68	1	2821.0454545454545	2940.5	3834	1126	5	12	C. difficile #4	#4363d8	blue
Cd_4	C. difficile	12	4300000	51600000	73851	73575	276	0	276	52857	52631	226	21789	21692	97	197	195	2	12712.560606060606	2228.5	67063	6466	5	12	C. difficile #4	#4363d8	blue
Cd_4	C. difficile	19	4300000	81700000	81595	81037	556	2	558	57279	56814	465	25118	24923	195	243	241	2	9518.345029239767	2768	67236	6693	7.5	19	C. difficile #4	#4363d8	blue
Cd_4	C. difficile	19	4300000	81700000	75972	75642	329	1	330	54087	53811	276	22677	22557	120	210	209	1	8805.309941520467	2157	67498	6571	7.5	19	C. difficile #4	#4363d8	blue
Cd_4	C. difficile	19	4300000	81700000	19073	18988	85	0	85	12017	11948	69	7196	7163	33	106	105	1	3082.6666666666665	2941	7947	1859	7.5	19	C. difficile #4	#4363d8	blue
Cd_4	C. difficile	19	4300000	81700000	16401	16331	70	0	70	9855	9798	57	6661	6632	29	90	89	1	2694.4853801169593	2662	5278	1491	7.5	19	C. difficile #4	#4363d8	blue
Cd_4	C. difficile	19	4300000	81700000	77894	77485	408	1	409	55341	55005	336	23316	23185	131	232	230	2	9152.941520467837	2250	67784	6656	7.5	19	C. difficile #4	#4363d8	blue
Cd_4	C. difficile	19	4300000	81700000	75995	75637	356	2	358	54162	53871	291	22629	22499	130	216	214	2	9167.649122807017	2656	66946	6560	7.5	19	C. difficile #4	#4363d8	blue
Cd_4	C. difficile	19	4300000	81700000	13063	13008	55	0	55	8308	8262	46	4896	4878	18	67	65	2	2205.3801169590643	1946	5637	1290	7.5	19	C. difficile #4	#4363d8	blue
Cd_4	C. difficile	19	4300000	81700000	31480	31347	133	0	133	20497	20392	105	11196	11146	50	156	156	0	4521.06432748538	2667	21064	3247	7.5	19	C. difficile #4	#4363d8	blue
Cd_4	C. difficile	19	4300000	81700000	15530	15460	70	0	70	9402	9340	62	6268	6245	23	95	93	2	2647.4327485380118	2843	4538	1447	7.5	19	C. difficile #4	#4363d8	blue
Cd_4	C. difficile	19	4300000	81700000	75098	74784	314	0	314	53535	53279	256	22362	22253	109	205	203	2	8436.935672514619	1928	67063	6512	7.5	19	C. difficile #4	#4363d8	blue
Cd_4	C. difficile	25	4300000	107500000	82871	82271	598	2	600	57984	57493	491	25685	25462	223	257	255	2	12478.936666666666	2765	67307	6784	10	25	C. difficile #4	#4363d8	blue
Cd_4	C. difficile	25	4300000	107500000	79298	78869	428	1	429	55899	55543	356	24196	24045	151	234	232	2	7256.776666666667	2200	67498	6699	10	25	C. difficile #4	#4363d8	blue
Cd_4	C. difficile	25	4300000	107500000	95220	94011	1201	8	1209	66900	65910	990	29182	28780	402	303	300	3	9789.876666666667	3028.5	71815	7097	10	25	C. difficile #4	#4363d8	blue
Cd_4	C. difficile	25	4300000	107500000	80404	79924	478	2	480	56390	55996	394	24795	24614	181	242	241	1	7579.316666666667	2583	67111	6684	10	25	C. difficile #4	#4363d8	blue
Cd_4	C. difficile	25	4300000	107500000	80671	80182	488	1	489	56849	56448	401	24585	24424	161	245	242	3	7664.55	2657.5	67784	6784	10	25	C. difficile #4	#4363d8	blue
Cd_4	C. difficile	25	4300000	107500000	80670	80162	505	3	508	56795	56387	408	24663	24480	183	254	252	2	7840.53	2939.5	66953	6730	10	25	C. difficile #4	#4363d8	blue
Cd_4	C. difficile	25	4300000	107500000	16825	16743	82	0	82	10460	10393	67	6480	6448	32	99	95	4	2578.5233333333335	2572	5687	1661	10	25	C. difficile #4	#4363d8	blue
Cd_4	C. difficile	25	4300000	107500000	32761	32599	162	0	162	21195	21066	129	11782	11722	60	169	169	0	3937.43	2608	21064	3320	10	25	C. difficile #4	#4363d8	blue
Cd_4	C. difficile	25	4300000	107500000	18513	18420	92	1	93	11307	11229	78	7389	7357	32	108	106	2	2752.49	2854	5674	1703	10	25	C. difficile #4	#4363d8	blue
Cd_4	C. difficile	25	4300000	107500000	81316	80772	542	2	544	57113	56669	444	25028	24828	200	243	240	3	7353.14	2214	67104	6717	10	25	C. difficile #4	#4363d8	blue
Cd_4	C. difficile	31	4300000	133300000	84557	83897	658	2	660	58878	58343	535	26472	26222	250	270	267	3	10847.913978494624	3017	67307	6864	12.5	31	C. difficile #4	#4363d8	blue
Cd_4	C. difficile	31	4300000	133300000	79443	79009	433	1	434	55983	55622	361	24258	24106	152	234	232	2	6098.492473118279	2086	67498	6700	12.5	31	C. difficile #4	#4363d8	blue
Cd_4	C. difficile	31	4300000	133300000	95687	94460	1219	8	1227	67129	66125	1004	29417	29008	409	307	304	3	12038.047311827957	2832	72037	7099	12.5	31	C. difficile #4	#4363d8	blue
Cd_4	C. difficile	31	4300000	133300000	81651	81130	519	2	521	57074	56642	432	25356	25161	195	252	251	1	6437.055913978495	2392	67111	6744	12.5	31	C. difficile #4	#4363d8	blue
Cd_4	C. difficile	31	4300000	133300000	81901	81366	533	2	535	57476	57038	438	25192	25012	180	252	248	4	6510.169892473118	2250	67784	6824	12.5	31	C. difficile #4	#4363d8	blue
Cd_4	C. difficile	31	4300000	133300000	83705	83095	607	3	610	58385	57892	493	26096	25884	212	270	268	2	6879.113978494624	2955	66953	6837	12.5	31	C. difficile #4	#4363d8	blue
Cd_4	C. difficile	31	4300000	133300000	80414	79911	500	3	503	56636	56222	414	24558	24377	181	253	249	4	6604.445161290322	2615	67137	6791	12.5	31	C. difficile #4	#4363d8	blue
Cd_4	C. difficile	31	4300000	133300000	36297	36082	215	0	215	23148	22976	172	13379	13297	82	193	191	2	3897.847311827957	2806	21064	3543	12.5	31	C. difficile #4	#4363d8	blue
Cd_4	C. difficile	31	4300000	133300000	19839	19740	98	1	99	12011	11928	83	8001	7968	33	122	120	2	2592.7913978494626	2666	5674	1810	12.5	31	C. difficile #4	#4363d8	blue
Cd_4	C. difficile	31	4300000	133300000	82344	81781	561	2	563	57604	57143	461	25548	25340	208	253	250	3	6286.5053763440865	2202	67104	6906	12.5	31	C. difficile #4	#4363d8	blue
Cd_4	C. difficile	62	4300000	266600000	105804	104172	1620	12	1632	72364	71053	1311	34257	33657	600	379	370	9	8117.211528291909	2672	71959	7367	25	62	C. difficile #4	#4363d8	blue
Cd_4	C. difficile	62	4300000	266600000	100278	98913	1355	10	1365	69501	68390	1111	31646	31174	472	346	340	6	7680.353781068218	2247	72542	7235	25	62	C. difficile #4	#4363d8	blue
Cd_4	C. difficile	62	4300000	266600000	102148	100693	1446	9	1455	70432	69249	1183	32554	32054	500	363	355	8	7291.2326811211	2572	72037	7404	25	62	C. difficile #4	#4363d8	blue
Cd_4	C. difficile	62	4300000	266600000	85369	84736	630	3	633	58992	58467	525	27167	26937	230	294	291	3	4337.223162347964	2367	67111	6909	25	62	C. difficile #4	#4363d8	blue
Cd_4	C. difficile	62	4300000	266600000	88511	87716	789	6	795	61080	60422	658	28209	27927	282	302	297	5	4436.615547329456	2246	67784	7095	25	62	C. difficile #4	#4363d8	blue
Cd_4	C. difficile	62	4300000	266600000	101382	99951	1419	12	1431	70020	68860	1160	32142	31644	498	350	343	7	7307.099418297197	2627	71518	7241	25	62	C. difficile #4	#4363d8	blue
Cd_4	C. difficile	62	4300000	266600000	86906	86199	702	5	707	59963	59387	576	27696	27433	263	317	311	6	6613.129032258064	2679	67551	7044	25	62	C. difficile #4	#4363d8	blue
Cd_4	C. difficile	62	4300000	266600000	43007	42680	325	2	327	26814	26557	257	16408	16281	127	252	248	4	3066.8762559492334	2393	21064	3956	25	62	C. difficile #4	#4363d8	blue
Cd_4	C. difficile	62	4300000	266600000	86510	85839	667	4	671	59666	59126	540	27631	27378	253	305	300	5	4538.060814383924	2535	67020	6972	25	62	C. difficile #4	#4363d8	blue
Cd_4	C. difficile	62	4300000	266600000	102826	101334	1481	11	1492	70662	69453	1209	33009	32473	536	347	343	4	7216.755156002116	2371	71819	7314	25	62	C. difficile #4	#4363d8	blue
Cd_4	C. difficile	124	4300000	533200000	115125	113047	2057	21	2078	77327	75661	1666	38517	37755	762	482	471	11	7854.5182271177555	2505	72174	7684	50	124	C. difficile #4	#4363d8	blue
Cd_4	C. difficile	124	4300000	533200000	109055	107306	1736	13	1749	73852	72443	1409	36015	35370	645	423	415	8	6390.656700760556	2247	72620	7384	50	124	C. difficile #4	#4363d8	blue
Cd_4	C. difficile	124	4300000	533200000	108250	106572	1664	14	1678	73407	72061	1346	35645	35041	604	421	412	9	7607.797272488854	2644	72037	7550	50	124	C. difficile #4	#4363d8	blue
Cd_4	C. difficile	124	4300000	533200000	107431	105783	1636	12	1648	72883	71556	1327	35379	34778	601	406	397	9	6633.599659061107	2267	72542	7336	50	124	C. difficile #4	#4363d8	blue
Cd_4	C. difficile	185	4300000	795500000	120527	118236	2269	22	2291	79953	78125	1828	41268	40407	861	553	540	13	7468.032549941246	2642	72812	7790	75	185	C. difficile #4	#4363d8	blue
Kp_1	K. pneumoniae	5	5400000	27000000	26042	26041	1	0	1	21068	21067	1	4936	4936	0	40	40	0	10324.8	103.5	25945	524	1	5	K. pneumoniae #1	#911eb4	purple
Kp_1	K. pneumoniae	5	5400000	27000000	27112	27112	0	0	0	22045	22045	0	5034	5034	0	36	36	0	10790	20.5	27059	535	1	5	K. pneumoniae #1	#911eb4	purple
Kp_1	K. pneumoniae	5	5400000	27000000	62	62	0	0	0	11	11	0	48	48	0	3	3	0	25.6	22	40	1	1	5	K. pneumoniae #1	#911eb4	purple
Kp_1	K. pneumoniae	5	5400000	27000000	85	85	0	0	0	30	30	0	52	52	0	3	3	0	34	33.5	46	2	1	5	K. pneumoniae #1	#911eb4	purple
Kp_1	K. pneumoniae	5	5400000	27000000	25536	25536	0	0	0	20619	20619	0	4885	4885	0	28	28	0	10200.2	35.5	25495	471	1	5	K. pneumoniae #1	#911eb4	purple
Kp_1	K. pneumoniae	5	5400000	27000000	71	71	0	0	0	17	17	0	54	54	0	1	1	0	28.4	28	45	1	1	5	K. pneumoniae #1	#911eb4	purple
Kp_1	K. pneumoniae	5	5400000	27000000	125	125	0	0	0	35	35	0	80	80	0	10	10	0	50.6	51.5	67	3	1	5	K. pneumoniae #1	#911eb4	purple
Kp_1	K. pneumoniae	5	5400000	27000000	131	131	0	0	0	36	36	0	86	86	0	6	6	0	52	47	82	0	1	5	K. pneumoniae #1	#911eb4	purple
Kp_1	K. pneumoniae	5	5400000	27000000	138	138	0	0	0	46	46	0	88	88	0	5	5	0	54.5	60	112	2	1	5	K. pneumoniae #1	#911eb4	purple
Kp_1	K. pneumoniae	5	5400000	27000000	99	99	0	0	0	31	31	0	62	62	0	6	6	0	39.6	36.5	65	0	1	5	K. pneumoniae #1	#911eb4	purple
Kp_1	K. pneumoniae	11	5400000	59400000	26112	26111	1	0	1	21084	21083	1	4984	4984	0	47	47	0	4727.981818181818	60	25945	526	2.5	11	K. pneumoniae #1	#911eb4	purple
Kp_1	K. pneumoniae	11	5400000	59400000	39166	39028	138	0	138	31760	31631	129	7352	7337	15	54	54	0	12424.363636363636	42	27095	575	2.5	11	K. pneumoniae #1	#911eb4	purple
Kp_1	K. pneumoniae	11	5400000	59400000	24982	24982	0	0	0	20000	20000	0	4939	4939	0	39	39	0	4526.181818181818	23	24896	480	2.5	11	K. pneumoniae #1	#911eb4	purple
Kp_1	K. pneumoniae	11	5400000	59400000	25668	25665	3	0	3	20592	20589	3	5046	5045	1	38	38	0	4651.8	36	25533	479	2.5	11	K. pneumoniae #1	#911eb4	purple
Kp_1	K. pneumoniae	11	5400000	59400000	39651	39530	121	0	121	32046	31938	108	7554	7527	27	48	48	0	9036.527272727273	34	26871	577	2.5	11	K. pneumoniae #1	#911eb4	purple
Kp_1	K. pneumoniae	11	5400000	59400000	167	167	0	0	0	50	50	0	112	112	0	5	5	0	33.836363636363636	33	61	3	2.5	11	K. pneumoniae #1	#911eb4	purple
Kp_1	K. pneumoniae	11	5400000	59400000	25135	25133	2	0	2	20056	20054	2	5025	5025	0	50	50	0	4552.581818181819	50	24945	480	2.5	11	K. pneumoniae #1	#911eb4	purple
Kp_1	K. pneumoniae	11	5400000	59400000	215	215	0	0	0	58	58	0	143	143	0	11	11	0	48.30909090909091	46	91	3	2.5	11	K. pneumoniae #1	#911eb4	purple
Kp_1	K. pneumoniae	11	5400000	59400000	39113	38988	125	0	125	31461	31351	110	7592	7568	24	60	59	1	8884.10909090909	71	25954	570	2.5	11	K. pneumoniae #1	#911eb4	purple
Kp_1	K. pneumoniae	11	5400000	59400000	241	241	0	0	0	68	68	0	162	162	0	13	13	0	44.92727272727273	40	98	2	2.5	11	K. pneumoniae #1	#911eb4	purple
Kp_1	K. pneumoniae	23	5400000	124200000	26310	26309	1	0	1	21147	21146	1	5108	5108	0	58	58	0	2286.02371541502	53	25945	530	5	23	K. pneumoniae #1	#911eb4	purple
Kp_1	K. pneumoniae	23	5400000	124200000	39593	39440	153	0	153	32040	31897	143	7487	7470	17	66	66	0	6519.059288537549	36	27100	566	5	23	K. pneumoniae #1	#911eb4	purple
Kp_1	K. pneumoniae	23	5400000	124200000	38299	38174	125	0	125	30592	30482	110	7634	7609	25	73	72	1	4349.498023715415	33	25694	543	5	23	K. pneumoniae #1	#911eb4	purple
Kp_1	K. pneumoniae	23	5400000	124200000	39872	39729	141	2	143	31991	31863	128	7807	7782	25	72	71	1	9808.185770750988	51	26274	575	5	23	K. pneumoniae #1	#911eb4	purple
Kp_1	K. pneumoniae	23	5400000	124200000	48359	48124	235	0	235	38887	38676	211	9394	9352	42	67	67	0	6505.505928853755	33	26872	558	5	23	K. pneumoniae #1	#911eb4	purple
Kp_1	K. pneumoniae	23	5400000	124200000	25889	25887	2	0	2	20663	20661	2	5186	5186	0	48	47	1	4220.063241106719	39	25529	482	5	23	K. pneumoniae #1	#911eb4	purple
Kp_1	K. pneumoniae	23	5400000	124200000	38633	38528	105	0	105	30873	30783	90	7673	7653	20	72	72	0	4314.075098814229	50	25551	562	5	23	K. pneumoniae #1	#911eb4	purple
Kp_1	K. pneumoniae	23	5400000	124200000	322	322	0	0	0	84	84	0	215	215	0	20	20	0	39.094861660079054	35	91	7	5	23	K. pneumoniae #1	#911eb4	purple
Kp_1	K. pneumoniae	23	5400000	124200000	39281	39155	126	0	126	31511	31401	110	7699	7674	25	73	72	1	4391.395256916996	41	25954	572	5	23	K. pneumoniae #1	#911eb4	purple
Kp_1	K. pneumoniae	23	5400000	124200000	438	438	0	0	0	121	121	0	291	291	0	30	30	0	45.74308300395257	38	119	8	5	23	K. pneumoniae #1	#911eb4	purple
Kp_1	K. pneumoniae	34	5400000	183600000	26418	26417	1	0	1	21184	21183	1	5172	5172	0	65	65	0	1559.7308377896613	41	25945	532	7.5	34	K. pneumoniae #1	#911eb4	purple
Kp_1	K. pneumoniae	34	5400000	183600000	39864	39711	153	0	153	32111	31968	143	7671	7654	17	83	83	0	4531.577540106952	41	27130	569	7.5	34	K. pneumoniae #1	#911eb4	purple
Kp_1	K. pneumoniae	34	5400000	183600000	38495	38369	126	0	126	30652	30541	111	7755	7730	25	87	86	1	4338.77183600713	45	25694	545	7.5	34	K. pneumoniae #1	#911eb4	purple
Kp_1	K. pneumoniae	34	5400000	183600000	40058	39914	142	2	144	32030	31902	128	7938	7912	26	87	86	1	8183.976827094474	53	26292	575	7.5	34	K. pneumoniae #1	#911eb4	purple
Kp_1	K. pneumoniae	34	5400000	183600000	63675	63212	458	5	463	50658	50242	416	12884	12804	80	109	107	2	7154.800356506239	36	26872	449	7.5	34	K. pneumoniae #1	#911eb4	purple
Kp_1	K. pneumoniae	34	5400000	183600000	26095	26093	2	0	2	20722	20720	2	5324	5324	0	57	56	1	2920.994652406417	37	25632	484	7.5	34	K. pneumoniae #1	#911eb4	purple
Kp_1	K. pneumoniae	34	5400000	183600000	38871	38763	108	0	108	30954	30862	92	7816	7795	21	88	88	0	4286.199643493761	55	25551	564	7.5	34	K. pneumoniae #1	#911eb4	purple
Kp_1	K. pneumoniae	34	5400000	183600000	25267	25266	1	0	1	20078	20077	1	5126	5126	0	56	56	0	1493.445632798574	35	24898	483	7.5	34	K. pneumoniae #1	#911eb4	purple
Kp_1	K. pneumoniae	34	5400000	183600000	39438	39312	126	0	126	31558	31448	110	7802	7777	25	80	79	1	3007.354723707665	39	25954	575	7.5	34	K. pneumoniae #1	#911eb4	purple
Kp_1	K. pneumoniae	34	5400000	183600000	26088	26085	3	0	3	20835	20833	2	5184	5182	2	66	66	0	1534.668449197861	37	25570	479	7.5	34	K. pneumoniae #1	#911eb4	purple
Kp_1	K. pneumoniae	45	5400000	243000000	26722	26720	2	0	2	21272	21270	2	5374	5373	1	79	79	0	1195.7585858585858	46	26020	536	10	45	K. pneumoniae #1	#911eb4	purple
Kp_1	K. pneumoniae	45	5400000	243000000	40300	40142	156	2	158	32364	32217	147	7840	7822	18	97	97	0	4484.817171717172	47	27130	572	10	45	K. pneumoniae #1	#911eb4	purple
Kp_1	K. pneumoniae	45	5400000	243000000	49101	48836	262	3	265	39044	38808	236	9929	9882	47	114	113	1	5373.359595959596	47	26252	533	10	45	K. pneumoniae #1	#911eb4	purple
Kp_1	K. pneumoniae	45	5400000	243000000	40221	40076	143	2	145	32082	31953	129	8039	8013	26	97	96	1	6377.318181818182	51	26292	575	10	45	K. pneumoniae #1	#911eb4	purple
Kp_1	K. pneumoniae	45	5400000	243000000	63849	63386	458	5	463	50716	50300	416	12986	12906	80	122	120	2	5501.182828282828	37	26882	450	10	45	K. pneumoniae #1	#911eb4	purple
Kp_1	K. pneumoniae	45	5400000	243000000	26300	26297	3	0	3	20777	20774	3	5457	5457	0	76	75	1	2239.20101010101	40	25632	487	10	45	K. pneumoniae #1	#911eb4	purple
Kp_1	K. pneumoniae	45	5400000	243000000	49602	49353	248	1	249	39443	39223	220	10016	9972	44	119	119	0	5399.675757575757	55	26152	571	10	45	K. pneumoniae #1	#911eb4	purple
Kp_1	K. pneumoniae	45	5400000	243000000	25810	25800	10	0	10	20453	20443	10	5285	5284	1	66	66	0	1166.8575757575757	36	24936	496	10	45	K. pneumoniae #1	#911eb4	purple
Kp_1	K. pneumoniae	45	5400000	243000000	39959	39826	132	1	133	31891	31775	116	7985	7959	26	85	84	1	3370.458585858586	39	26204	578	10	45	K. pneumoniae #1	#911eb4	purple
Kp_1	K. pneumoniae	45	5400000	243000000	26235	26232	3	0	3	20883	20881	2	5275	5273	2	72	72	0	1169.1303030303031	37	25570	481	10	45	K. pneumoniae #1	#911eb4	purple
Kp_1	K. pneumoniae	57	5400000	307800000	49572	49322	249	1	250	39517	39295	222	9923	9881	42	126	126	0	2735.5708020050124	46	27200	569	12.5	57	K. pneumoniae #1	#911eb4	purple
Kp_1	K. pneumoniae	57	5400000	307800000	40504	40344	158	2	160	32429	32280	149	7971	7953	18	106	106	0	3592.6359649122805	52	27131	573	12.5	57	K. pneumoniae #1	#911eb4	purple
Kp_1	K. pneumoniae	57	5400000	307800000	49270	49003	264	3	267	39088	38851	237	10041	9993	48	127	126	1	5143.777568922305	46	26283	532	12.5	57	K. pneumoniae #1	#911eb4	purple
Kp_1	K. pneumoniae	57	5400000	307800000	40420	40274	144	2	146	32153	32024	129	8159	8132	27	105	104	1	5897.8439849624065	48	26292	577	12.5	57	K. pneumoniae #1	#911eb4	purple
Kp_1	K. pneumoniae	57	5400000	307800000	64043	63577	461	5	466	50777	50360	417	13110	13028	82	130	128	2	5186.945488721804	37	26882	447	12.5	57	K. pneumoniae #1	#911eb4	purple
Kp_1	K. pneumoniae	57	5400000	307800000	26448	26443	5	0	5	20842	20838	4	5530	5528	2	86	85	1	2613.752506265664	40	25662	488	12.5	57	K. pneumoniae #1	#911eb4	purple
Kp_1	K. pneumoniae	57	5400000	307800000	57289	56930	356	3	359	45303	44986	317	11820	11754	66	139	138	1	6654.0526315789475	56	26152	518	12.5	57	K. pneumoniae #1	#911eb4	purple
Kp_1	K. pneumoniae	57	5400000	307800000	25969	25958	11	0	11	20494	20484	10	5399	5397	2	70	70	0	930.7167919799499	37	24936	496	12.5	57	K. pneumoniae #1	#911eb4	purple
Kp_1	K. pneumoniae	57	5400000	307800000	40148	40012	135	1	136	31948	31829	119	8109	8083	26	93	92	1	3512.9135338345864	40	26204	578	12.5	57	K. pneumoniae #1	#911eb4	purple
Kp_1	K. pneumoniae	57	5400000	307800000	39554	39434	120	0	120	31564	31461	103	7894	7866	28	94	94	0	1803.189223057644	36	25570	555	12.5	57	K. pneumoniae #1	#911eb4	purple
Kp_1	K. pneumoniae	113	5400000	610200000	50704	50437	266	1	267	40059	39820	239	10467	10425	42	171	170	1	2719.0222819216183	44	27209	561	25	113	K. pneumoniae #1	#911eb4	purple
Kp_1	K. pneumoniae	113	5400000	610200000	58440	58053	383	4	387	46051	45703	348	12189	12125	64	170	169	1	3140.9800884955753	44	27137	487	25	113	K. pneumoniae #1	#911eb4	purple
Kp_1	K. pneumoniae	113	5400000	610200000	58222	57836	381	5	386	45925	45580	345	12102	12038	64	177	176	1	3568.342920353982	45	27209	498	25	113	K. pneumoniae #1	#911eb4	purple
Kp_1	K. pneumoniae	113	5400000	610200000	50464	50213	249	2	251	39745	39525	220	10552	10503	49	150	149	1	4345.060366624526	48	26292	575	25	113	K. pneumoniae #1	#911eb4	purple
Kp_1	K. pneumoniae	113	5400000	610200000	64806	64322	479	5	484	51090	50658	432	13527	13441	86	163	160	3	4766.1317951959545	40	26882	437	25	113	K. pneumoniae #1	#911eb4	purple
Kp_1	K. pneumoniae	113	5400000	610200000	39909	39800	109	0	109	31421	31327	94	8357	8332	25	127	126	1	2634.099557522124	40	25662	570	25	113	K. pneumoniae #1	#911eb4	purple
Kp_1	K. pneumoniae	113	5400000	610200000	64922	64439	478	5	483	50977	50546	431	13737	13656	81	181	180	1	4771.0594184576485	45	27061	446	25	113	K. pneumoniae #1	#911eb4	purple
Kp_1	K. pneumoniae	113	5400000	610200000	49672	49401	269	2	271	39219	38979	240	10288	10238	50	145	144	1	1823.4932048040455	37	26090	528	25	113	K. pneumoniae #1	#911eb4	purple
Kp_1	K. pneumoniae	113	5400000	610200000	64612	64141	466	5	471	50507	50090	417	13878	13797	81	187	185	2	5095.2868204804045	45	26204	440	25	113	K. pneumoniae #1	#911eb4	purple
Kp_1	K. pneumoniae	113	5400000	610200000	65209	64723	479	7	486	51053	50619	434	13936	13848	88	190	188	2	4760.930783817952	46	26203	438	25	113	K. pneumoniae #1	#911eb4	purple
Kp_1	K. pneumoniae	226	5400000	1220400000	72513	71914	591	8	599	56347	55818	529	15863	15751	112	262	261	1	3952.227138643068	45	27209	370	50	226	K. pneumoniae #1	#911eb4	purple
Kp_1	K. pneumoniae	226	5400000	1220400000	72280	71673	600	7	607	56225	55679	546	15773	15675	98	242	240	2	2509.9008456243855	43	27209	345	50	226	K. pneumoniae #1	#911eb4	purple
Kp_1	K. pneumoniae	340	5400000	1836000000	83966	83148	806	12	818	64574	63852	722	19001	18852	149	328	325	3	3936.523841749089	45	27209	172	75	340	K. pneumoniae #1	#911eb4	purple
Kp_1	K. pneumoniae	340	5400000	1836000000	83787	82972	803	12	815	64519	63798	721	18896	18749	147	313	310	3	2559.6475446815894	42	27209	173	75	340	K. pneumoniae #1	#911eb4	purple
Kp_1	K. pneumoniae	340	5400000	1836000000	88355	87440	902	13	915	67803	66992	811	20147	19984	163	340	337	3	3794.5059691133088	44	27209	81	75	340	K. pneumoniae #1	#911eb4	purple
Kp_1	K. pneumoniae	340	5400000	1836000000	77891	77172	709	10	719	60122	59484	638	17418	17293	125	307	305	2	3388.6947423217075	42	27209	263	75	340	K. pneumoniae #1	#911eb4	purple
Kp_1	K. pneumoniae	340	5400000	1836000000	77578	76879	691	8	699	59879	59256	623	17346	17222	124	304	301	3	3915.518965816415	42	27058	278	75	340	K. pneumoniae #1	#911eb4	purple
Kp_1	K. pneumoniae	340	5400000	1836000000	66796	66316	476	4	480	51557	51130	427	14908	14822	86	288	286	2	2818.22850945688	42	27058	456	75	340	K. pneumoniae #1	#911eb4	purple
Kp_1	K. pneumoniae	340	5400000	1836000000	83330	82513	805	12	817	64211	63481	730	18747	18607	140	321	318	3	3927.091948637862	42	27209	175	75	340	K. pneumoniae #1	#911eb4	purple
Kp_1	K. pneumoniae	340	5400000	1836000000	66271	65793	472	6	478	51021	50603	418	14914	14824	90	287	285	2	3218.2428769737985	42	26275	443	75	340	K. pneumoniae #1	#911eb4	purple
Kp_1	K. pneumoniae	340	5400000	1836000000	78161	77465	687	9	696	60102	59485	617	17684	17566	118	321	319	2	4179.186465382613	44	27206	289	75	340	K. pneumoniae #1	#911eb4	purple
Kp_1	K. pneumoniae	340	5400000	1836000000	78892	78179	703	10	713	60653	60027	626	17855	17721	134	326	324	2	4060.5861356932155	46	27209	270	75	340	K. pneumoniae #1	#911eb4	purple
Kp_2	K. pneumoniae	3	5400000	16200000	661	661	0	0	0	491	491	0	163	163	0	11	11	0	437.3333333333333	632	646	0	1	3	K. pneumoniae #2	#e6beff	lavendar
Kp_2	K. pneumoniae	3	5400000	16200000	688	687	1	0	1	517	516	1	164	164	0	9	8	1	453	657	673	0	1	3	K. pneumoniae #2	#e6beff	lavendar
Kp_2	K. pneumoniae	3	5400000	16200000	689	689	0	0	0	541	541	0	145	145	0	7	7	0	413.3333333333333	592	642	0	1	3	K. pneumoniae #2	#e6beff	lavendar
Kp_2	K. pneumoniae	3	5400000	16200000	77	77	0	0	0	22	22	0	50	50	0	6	6	0	51.333333333333336	57	59	1	1	3	K. pneumoniae #2	#e6beff	lavendar
Kp_2	K. pneumoniae	3	5400000	16200000	149	149	0	0	0	50	50	0	86	86	0	14	14	0	99.33333333333333	125	135	0	1	3	K. pneumoniae #2	#e6beff	lavendar
Kp_2	K. pneumoniae	3	5400000	16200000	684	684	0	0	0	497	497	0	180	180	0	8	8	0	455	621	647	0	1	3	K. pneumoniae #2	#e6beff	lavendar
Kp_2	K. pneumoniae	3	5400000	16200000	642	642	0	0	0	475	475	0	156	156	0	13	13	0	428	619	629	0	1	3	K. pneumoniae #2	#e6beff	lavendar
Kp_2	K. pneumoniae	3	5400000	16200000	78	78	0	0	0	20	20	0	53	53	0	6	6	0	52	51	66	0	1	3	K. pneumoniae #2	#e6beff	lavendar
Kp_2	K. pneumoniae	3	5400000	16200000	711	711	0	0	0	522	522	0	178	178	0	13	13	0	473	647	695	0	1	3	K. pneumoniae #2	#e6beff	lavendar
Kp_2	K. pneumoniae	3	5400000	16200000	661	660	1	0	1	495	494	1	156	155	1	14	14	0	440.6666666666667	637	643	0	1	3	K. pneumoniae #2	#e6beff	lavendar
Kp_2	K. pneumoniae	7	5400000	37800000	770	768	2	0	2	514	512	2	238	237	1	22	21	1	230.23809523809524	86	646	1	2.5	7	K. pneumoniae #2	#e6beff	lavendar
Kp_2	K. pneumoniae	7	5400000	37800000	753	752	1	0	1	532	531	1	206	206	0	16	15	1	216.9047619047619	39	687	1	2.5	7	K. pneumoniae #2	#e6beff	lavendar
Kp_2	K. pneumoniae	7	5400000	37800000	792	790	2	0	2	569	567	2	216	215	1	12	11	1	328.6666666666667	65	679	0	2.5	7	K. pneumoniae #2	#e6beff	lavendar
Kp_2	K. pneumoniae	7	5400000	37800000	172	172	0	0	0	42	42	0	118	118	0	12	12	0	51.095238095238095	54	80	1	2.5	7	K. pneumoniae #2	#e6beff	lavendar
Kp_2	K. pneumoniae	7	5400000	37800000	734	733	1	0	1	499	498	1	217	216	1	19	19	0	220.66666666666666	110	627	0	2.5	7	K. pneumoniae #2	#e6beff	lavendar
Kp_2	K. pneumoniae	7	5400000	37800000	759	757	2	0	2	520	519	1	222	220	2	18	18	0	230.33333333333334	87	659	0	2.5	7	K. pneumoniae #2	#e6beff	lavendar
Kp_2	K. pneumoniae	7	5400000	37800000	796	795	1	0	1	521	520	1	255	254	1	23	23	0	239.42857142857142	116	665	2	2.5	7	K. pneumoniae #2	#e6beff	lavendar
Kp_2	K. pneumoniae	7	5400000	37800000	211	211	0	0	0	60	60	0	136	136	0	17	17	0	76.23809523809524	66	141	1	2.5	7	K. pneumoniae #2	#e6beff	lavendar
Kp_2	K. pneumoniae	7	5400000	37800000	841	838	3	0	3	593	590	3	230	228	2	23	22	1	355.23809523809524	127	695	1	2.5	7	K. pneumoniae #2	#e6beff	lavendar
Kp_2	K. pneumoniae	7	5400000	37800000	790	789	1	0	1	526	525	1	241	240	1	26	26	0	227.47619047619048	67	662	0	2.5	7	K. pneumoniae #2	#e6beff	lavendar
Kp_2	K. pneumoniae	14	5400000	75600000	946	944	2	0	2	573	571	2	348	347	1	31	30	1	163.01098901098902	90	695	3	5	14	K. pneumoniae #2	#e6beff	lavendar
Kp_2	K. pneumoniae	14	5400000	75600000	892	889	2	1	3	586	583	3	285	283	2	24	23	1	265.02197802197804	50	690	1	5	14	K. pneumoniae #2	#e6beff	lavendar
Kp_2	K. pneumoniae	14	5400000	75600000	935	932	3	0	3	602	599	3	311	309	2	25	24	1	206.05494505494505	51	681	0	5	14	K. pneumoniae #2	#e6beff	lavendar
Kp_2	K. pneumoniae	14	5400000	75600000	722	720	2	0	2	433	431	2	264	263	1	26	25	1	117.68131868131869	48	541	1	5	14	K. pneumoniae #2	#e6beff	lavendar
Kp_2	K. pneumoniae	14	5400000	75600000	878	875	3	0	3	544	543	1	307	304	3	26	26	0	205.47252747252747	74	629	0	5	14	K. pneumoniae #2	#e6beff	lavendar
Kp_2	K. pneumoniae	14	5400000	75600000	966	964	2	0	2	625	624	1	326	324	2	21	21	0	277.74725274725273	88	727	2	5	14	K. pneumoniae #2	#e6beff	lavendar
Kp_2	K. pneumoniae	14	5400000	75600000	917	916	1	0	1	558	557	1	328	327	1	35	35	0	158.56043956043956	88	665	3	5	14	K. pneumoniae #2	#e6beff	lavendar
Kp_2	K. pneumoniae	14	5400000	75600000	946	944	2	0	2	574	572	2	343	342	1	33	32	1	159.17582417582418	88	696	1	5	14	K. pneumoniae #2	#e6beff	lavendar
Kp_2	K. pneumoniae	14	5400000	75600000	944	941	3	0	3	615	612	3	304	302	2	29	28	1	222.45054945054946	65	699	1	5	14	K. pneumoniae #2	#e6beff	lavendar
Kp_2	K. pneumoniae	14	5400000	75600000	1622	1620	2	0	2	1105	1103	2	480	479	1	34	33	1	363.75824175824175	61	1380	0	5	14	K. pneumoniae #2	#e6beff	lavendar
Kp_2	K. pneumoniae	21	5400000	113400000	1159	1155	4	0	4	675	672	3	453	450	3	37	36	1	177.95238095238096	77.5	727	3	7.5	21	K. pneumoniae #2	#e6beff	lavendar
Kp_2	K. pneumoniae	21	5400000	113400000	1011	1007	3	1	4	615	612	3	365	362	3	34	33	1	209.24285714285713	58	697	1	7.5	21	K. pneumoniae #2	#e6beff	lavendar
Kp_2	K. pneumoniae	21	5400000	113400000	1005	1002	3	0	3	623	620	3	355	353	2	31	30	1	167.15714285714284	55	681	1	7.5	21	K. pneumoniae #2	#e6beff	lavendar
Kp_2	K. pneumoniae	21	5400000	113400000	1025	1023	2	0	2	613	611	2	385	384	1	32	31	1	199.01904761904763	59.5	708	1	7.5	21	K. pneumoniae #2	#e6beff	lavendar
Kp_2	K. pneumoniae	21	5400000	113400000	995	992	3	0	3	600	599	1	365	362	3	32	32	0	203.5047619047619	61.5	664	0	7.5	21	K. pneumoniae #2	#e6beff	lavendar
Kp_2	K. pneumoniae	21	5400000	113400000	1130	1128	2	0	2	667	666	1	441	439	2	28	28	0	290.65714285714284	88.5	727	2	7.5	21	K. pneumoniae #2	#e6beff	lavendar
Kp_2	K. pneumoniae	21	5400000	113400000	999	997	2	0	2	582	580	2	384	383	1	38	37	1	133.1095238095238	92	665	4	7.5	21	K. pneumoniae #2	#e6beff	lavendar
Kp_2	K. pneumoniae	21	5400000	113400000	1754	1752	2	0	2	1143	1141	2	571	570	1	38	37	1	284.9	91.5	1392	1	7.5	21	K. pneumoniae #2	#e6beff	lavendar
Kp_2	K. pneumoniae	21	5400000	113400000	1049	1046	3	0	3	640	637	3	376	374	2	37	36	1	221.44761904761904	70.5	700	1	7.5	21	K. pneumoniae #2	#e6beff	lavendar
Kp_2	K. pneumoniae	21	5400000	113400000	1724	1721	3	0	3	1133	1130	3	542	540	2	46	45	1	270.45714285714286	52	1380	1	7.5	21	K. pneumoniae #2	#e6beff	lavendar
Kp_2	K. pneumoniae	29	5400000	156600000	1215	1211	4	0	4	695	692	3	484	481	3	42	41	1	142.57881773399015	60	727	4	10	29	K. pneumoniae #2	#e6beff	lavendar
Kp_2	K. pneumoniae	29	5400000	156600000	1165	1160	4	1	5	665	662	3	456	452	4	47	46	1	231.87192118226602	58	701	2	10	29	K. pneumoniae #2	#e6beff	lavendar
Kp_2	K. pneumoniae	29	5400000	156600000	1089	1086	3	0	3	648	645	3	405	403	2	40	39	1	141.5	51.5	681	2	10	29	K. pneumoniae #2	#e6beff	lavendar
Kp_2	K. pneumoniae	29	5400000	156600000	1109	1106	3	0	3	642	640	2	437	435	2	36	35	1	226.27586206896552	63.5	708	2	10	29	K. pneumoniae #2	#e6beff	lavendar
Kp_2	K. pneumoniae	29	5400000	156600000	1075	1072	3	0	3	619	618	1	419	416	3	40	40	0	169.89901477832512	59	665	2	10	29	K. pneumoniae #2	#e6beff	lavendar
Kp_2	K. pneumoniae	29	5400000	156600000	2449	2413	36	0	36	1742	1708	34	677	672	5	37	37	0	352.7413793103448	89.5	1630	4	10	29	K. pneumoniae #2	#e6beff	lavendar
Kp_2	K. pneumoniae	29	5400000	156600000	1196	1193	3	0	3	666	663	3	485	483	2	48	47	1	148.64039408866995	83	665	4	10	29	K. pneumoniae #2	#e6beff	lavendar
Kp_2	K. pneumoniae	29	5400000	156600000	1845	1841	4	0	4	1161	1158	3	637	634	3	45	44	1	228.93103448275863	69.5	1392	1	10	29	K. pneumoniae #2	#e6beff	lavendar
Kp_2	K. pneumoniae	29	5400000	156600000	1113	1110	3	0	3	657	654	3	418	416	2	42	41	1	185.64285714285714	69	700	1	10	29	K. pneumoniae #2	#e6beff	lavendar
Kp_2	K. pneumoniae	29	5400000	156600000	1870	1867	3	0	3	1182	1179	3	634	632	2	53	52	1	218.69950738916256	57	1406	3	10	29	K. pneumoniae #2	#e6beff	lavendar
Kp_2	K. pneumoniae	36	5400000	194400000	1302	1298	4	0	4	727	724	3	534	531	3	47	46	1	165.24285714285713	85.5	727	4	12.5	36	K. pneumoniae #2	#e6beff	lavendar
Kp_2	K. pneumoniae	36	5400000	194400000	1227	1222	4	1	5	686	683	3	496	492	4	48	47	1	247.6079365079365	63.5	701	2	12.5	36	K. pneumoniae #2	#e6beff	lavendar
Kp_2	K. pneumoniae	36	5400000	194400000	2371	2343	28	0	28	1706	1679	27	625	621	4	46	45	1	233.2746031746032	60	1568	4	12.5	36	K. pneumoniae #2	#e6beff	lavendar
Kp_2	K. pneumoniae	36	5400000	194400000	1189	1185	4	0	4	674	671	3	479	476	3	42	41	1	219.37142857142857	59	708	2	12.5	36	K. pneumoniae #2	#e6beff	lavendar
Kp_2	K. pneumoniae	36	5400000	194400000	1207	1204	3	0	3	672	671	1	489	486	3	50	50	0	226.33015873015873	74	704	3	12.5	36	K. pneumoniae #2	#e6beff	lavendar
Kp_2	K. pneumoniae	36	5400000	194400000	2617	2579	38	0	38	1791	1755	36	782	776	6	51	50	1	308.24285714285713	87	1630	5	12.5	36	K. pneumoniae #2	#e6beff	lavendar
Kp_2	K. pneumoniae	36	5400000	194400000	1300	1296	4	0	4	701	698	3	549	546	3	54	53	1	164.47301587301587	81	719	4	12.5	36	K. pneumoniae #2	#e6beff	lavendar
Kp_2	K. pneumoniae	36	5400000	194400000	1925	1921	4	0	4	1194	1191	3	680	677	3	48	47	1	247.63650793650794	69.5	1392	2	12.5	36	K. pneumoniae #2	#e6beff	lavendar
Kp_2	K. pneumoniae	36	5400000	194400000	1161	1158	3	0	3	671	668	3	448	446	2	47	46	1	161.4857142857143	62	700	1	12.5	36	K. pneumoniae #2	#e6beff	lavendar
Kp_2	K. pneumoniae	36	5400000	194400000	1941	1938	3	0	3	1197	1194	3	686	684	2	58	57	1	193.36984126984126	58	1406	4	12.5	36	K. pneumoniae #2	#e6beff	lavendar
Kp_2	K. pneumoniae	72	5400000	388800000	1604	1600	4	0	4	804	801	3	733	730	3	73	72	1	168.3689358372457	67	737	4	25	72	K. pneumoniae #2	#e6beff	lavendar
Kp_2	K. pneumoniae	72	5400000	388800000	1546	1540	5	1	6	783	779	4	698	693	5	69	68	1	225.0226917057903	63	710	3	25	72	K. pneumoniae #2	#e6beff	lavendar
Kp_2	K. pneumoniae	72	5400000	388800000	3431	3401	30	0	30	2333	2305	28	1028	1022	6	70	69	1	273.7292644757433	103	2112	4	25	72	K. pneumoniae #2	#e6beff	lavendar
Kp_2	K. pneumoniae	72	5400000	388800000	2747	2709	38	0	38	1806	1770	36	883	877	6	63	62	1	231.49960876369326	74	1615	5	25	72	K. pneumoniae #2	#e6beff	lavendar
Kp_2	K. pneumoniae	72	5400000	388800000	2797	2756	41	0	41	1830	1794	36	898	889	9	72	71	1	232.60876369327073	72	1600	5	25	72	K. pneumoniae #2	#e6beff	lavendar
Kp_2	K. pneumoniae	72	5400000	388800000	2938	2900	38	0	38	1883	1847	36	995	989	6	68	67	1	202.13810641627543	59	1630	6	25	72	K. pneumoniae #2	#e6beff	lavendar
Kp_2	K. pneumoniae	72	5400000	388800000	1658	1654	4	0	4	819	816	3	771	768	3	74	73	1	167.67214397496087	66.5	719	4	25	72	K. pneumoniae #2	#e6beff	lavendar
Kp_2	K. pneumoniae	72	5400000	388800000	2309	2304	5	0	5	1304	1301	3	930	926	4	73	72	1	199.0015649452269	61	1398	4	25	72	K. pneumoniae #2	#e6beff	lavendar
Kp_2	K. pneumoniae	72	5400000	388800000	1450	1444	6	0	6	767	763	4	622	617	5	67	66	1	199.5011737089202	76	704	2	25	72	K. pneumoniae #2	#e6beff	lavendar
Kp_2	K. pneumoniae	72	5400000	388800000	2244	2241	3	0	3	1305	1302	3	870	868	2	69	68	1	220.32668231611893	61	1406	4	25	72	K. pneumoniae #2	#e6beff	lavendar
Kp_2	K. pneumoniae	143	5400000	772200000	2056	2050	6	0	6	935	932	3	1026	1021	5	100	99	1	181.41367083620605	66	737	4	50	143	K. pneumoniae #2	#e6beff	lavendar
Kp_2	K. pneumoniae	143	5400000	772200000	3920	3878	41	1	42	2485	2448	37	1332	1322	10	101	100	1	236.30227518959913	66	2125	6	50	143	K. pneumoniae #2	#e6beff	lavendar
Kp_2	K. pneumoniae	143	5400000	772200000	3991	3960	30	1	31	2484	2456	28	1402	1395	7	105	104	1	213.99468137496308	64	2112	8	50	143	K. pneumoniae #2	#e6beff	lavendar
Kp_2	K. pneumoniae	143	5400000	772200000	3103	3065	38	0	38	1898	1862	36	1116	1110	6	94	93	1	214.4277553432483	65	1615	5	50	143	K. pneumoniae #2	#e6beff	lavendar
Kp_2	K. pneumoniae	143	5400000	772200000	3951	3909	42	0	42	2499	2463	36	1350	1340	10	100	99	1	252.54476509406086	88	2125	5	50	143	K. pneumoniae #2	#e6beff	lavendar
Kp_2	K. pneumoniae	143	5400000	772200000	3337	3297	40	0	40	1995	1959	36	1252	1244	8	96	95	1	203.51590662858268	66	1630	7	50	143	K. pneumoniae #2	#e6beff	lavendar
Kp_2	K. pneumoniae	143	5400000	772200000	4028	3990	38	0	38	2517	2481	36	1407	1401	6	104	103	1	221.42864178075445	63	2125	8	50	143	K. pneumoniae #2	#e6beff	lavendar
Kp_2	K. pneumoniae	143	5400000	772200000	2881	2875	5	1	6	1492	1489	3	1282	1277	5	107	106	1	181.0443218753078	65	1406	6	50	143	K. pneumoniae #2	#e6beff	lavendar
Kp_2	K. pneumoniae	143	5400000	772200000	2657	2648	9	0	9	1434	1430	4	1124	1116	8	96	95	1	182.29262287008765	66	1380	3	50	143	K. pneumoniae #2	#e6beff	lavendar
Kp_2	K. pneumoniae	143	5400000	772200000	3859	3825	34	0	34	2471	2442	29	1294	1284	10	95	94	1	233.07505170885452	67	2112	6	50	143	K. pneumoniae #2	#e6beff	lavendar
Kp_2	K. pneumoniae	214	5400000	1155600000	3628	3585	42	1	43	2075	2038	37	1438	1427	11	121	120	1	201.65503926988723	67	1630	6	75	214	K. pneumoniae #2	#e6beff	lavendar
Kp_2	K. pneumoniae	214	5400000	1155600000	4281	4239	41	1	42	2585	2548	37	1569	1559	10	125	124	1	224.07889079022422	64	2125	6	75	214	K. pneumoniae #2	#e6beff	lavendar
Kp_2	K. pneumoniae	214	5400000	1155600000	4347	4306	40	1	41	2597	2561	36	1626	1617	9	124	123	1	191.49826685972533	62	2125	8	75	214	K. pneumoniae #2	#e6beff	lavendar
Kp_2	K. pneumoniae	214	5400000	1155600000	3555	3515	40	0	40	2037	2000	37	1405	1397	8	120	119	1	188.92760300118468	66	1630	8	75	214	K. pneumoniae #2	#e6beff	lavendar
Kp_2	K. pneumoniae	214	5400000	1155600000	4308	4265	43	0	43	2594	2557	37	1596	1585	11	118	117	1	224.78649466894828	72	2125	7	75	214	K. pneumoniae #2	#e6beff	lavendar
Kp_2	K. pneumoniae	214	5400000	1155600000	3611	3569	41	1	42	2069	2032	37	1432	1422	10	116	115	1	206.57790355842218	68	1630	7	75	214	K. pneumoniae #2	#e6beff	lavendar
Kp_2	K. pneumoniae	214	5400000	1155600000	4318	4277	41	0	41	2590	2553	37	1610	1601	9	118	117	1	191.83743582993287	63	2125	8	75	214	K. pneumoniae #2	#e6beff	lavendar
Kp_2	K. pneumoniae	214	5400000	1155600000	3149	3143	5	1	6	1569	1566	3	1454	1449	5	125	124	1	193.46790399719188	68	1406	6	75	214	K. pneumoniae #2	#e6beff	lavendar
Kp_2	K. pneumoniae	214	5400000	1155600000	4249	4206	43	0	43	2571	2534	37	1551	1540	11	125	124	1	209.03703216181827	66	2125	5	75	214	K. pneumoniae #2	#e6beff	lavendar
Kp_2	K. pneumoniae	214	5400000	1155600000	4169	4134	34	1	35	2560	2531	29	1495	1484	11	115	114	1	209.57334035364838	71	2112	7	75	214	K. pneumoniae #2	#e6beff	lavendar
Sa_1	S. aureus	2	2800000	5600000	13890	13890	0	0	0	9712	9712	0	3879	3879	0	56	56	0	13890	13890	13890	15	1	2	S. aureus #1	#e6194B	red
Sa_1	S. aureus	2	2800000	5600000	138	138	0	0	0	41	41	0	91	91	0	6	6	0	138	138	138	0	1	2	S. aureus #1	#e6194B	red
Sa_1	S. aureus	2	2800000	5600000	103	103	0	0	0	31	31	0	63	63	0	6	6	0	103	103	103	0	1	2	S. aureus #1	#e6194B	red
Sa_1	S. aureus	2	2800000	5600000	90	90	0	0	0	20	20	0	61	61	0	4	4	0	90	90	90	1	1	2	S. aureus #1	#e6194B	red
Sa_1	S. aureus	2	2800000	5600000	311	311	0	0	0	126	126	0	175	175	0	3	3	0	311	311	311	1	1	2	S. aureus #1	#e6194B	red
Sa_1	S. aureus	2	2800000	5600000	12967	12967	0	0	0	8890	8890	0	3776	3776	0	45	45	0	12967	12967	12967	25	1	2	S. aureus #1	#e6194B	red
Sa_1	S. aureus	2	2800000	5600000	487	487	0	0	0	161	161	0	305	305	0	5	5	0	487	487	487	2	1	2	S. aureus #1	#e6194B	red
Sa_1	S. aureus	2	2800000	5600000	95	95	0	0	0	25	25	0	57	57	0	2	2	0	95	95	95	0	1	2	S. aureus #1	#e6194B	red
Sa_1	S. aureus	2	2800000	5600000	13036	13036	0	0	0	8908	8908	0	3822	3822	0	46	46	0	13036	13036	13036	23	1	2	S. aureus #1	#e6194B	red
Sa_1	S. aureus	2	2800000	5600000	13133	13133	0	0	0	8974	8974	0	3805	3805	0	50	50	0	13133	13133	13133	31	1	2	S. aureus #1	#e6194B	red
Sa_1	S. aureus	4	2800000	11200000	14917	14915	2	0	2	10199	10198	1	4352	4351	1	76	76	0	7293	7194	14390	26	2.5	4	S. aureus #1	#e6194B	red
Sa_1	S. aureus	4	2800000	11200000	229	229	0	0	0	69	69	0	149	149	0	9	9	0	114.5	114.5	138	0	2.5	4	S. aureus #1	#e6194B	red
Sa_1	S. aureus	4	2800000	11200000	242	242	0	0	0	92	92	0	138	138	0	7	7	0	121.33333333333333	122.5	141	0	2.5	4	S. aureus #1	#e6194B	red
Sa_1	S. aureus	4	2800000	11200000	712	712	0	0	0	280	280	0	396	396	0	11	11	0	363.6666666666667	373.5	674	3	2.5	4	S. aureus #1	#e6194B	red
Sa_1	S. aureus	4	2800000	11200000	13815	13815	0	0	0	9593	9593	0	3918	3918	0	54	54	0	6903.333333333333	6922	13574	16	2.5	4	S. aureus #1	#e6194B	red
Sa_1	S. aureus	4	2800000	11200000	15557	15545	12	0	12	10487	10479	8	4609	4605	4	61	61	0	9434.833333333334	12997.5	13127	27	2.5	4	S. aureus #1	#e6194B	red
Sa_1	S. aureus	4	2800000	11200000	14401	14400	1	0	1	9865	9864	1	4215	4215	0	73	73	0	7209	7253	14091	23	2.5	4	S. aureus #1	#e6194B	red
Sa_1	S. aureus	4	2800000	11200000	14544	14542	2	0	2	9984	9983	1	4199	4197	2	78	78	0	7269.333333333333	7268.5	14449	23	2.5	4	S. aureus #1	#e6194B	red
Sa_1	S. aureus	4	2800000	11200000	13213	13213	0	0	0	8955	8955	0	3943	3943	0	51	51	0	6602	6601	13066	23	2.5	4	S. aureus #1	#e6194B	red
Sa_1	S. aureus	4	2800000	11200000	13263	13261	2	0	2	9014	9013	1	3887	3885	2	54	54	0	6626.333333333333	6623.5	13158	31	2.5	4	S. aureus #1	#e6194B	red
Sa_1	S. aureus	8	2800000	22400000	15277	15273	4	0	4	10315	10312	3	4579	4577	2	86	86	0	7728.571428571428	13796	14406	27	5	8	S. aureus #1	#e6194B	red
Sa_1	S. aureus	8	2800000	22400000	14837	14835	2	0	2	10103	10101	2	4385	4385	0	78	78	0	3710.3928571428573	124.5	14517	24	5	8	S. aureus #1	#e6194B	red
Sa_1	S. aureus	8	2800000	22400000	771	771	0	0	0	258	258	0	479	479	0	15	15	0	265.57142857142856	133	496	2	5	8	S. aureus #1	#e6194B	red
Sa_1	S. aureus	8	2800000	22400000	15743	15732	11	0	11	10560	10554	6	4794	4788	6	88	88	0	6257.857142857143	973.5	14395	32	5	8	S. aureus #1	#e6194B	red
Sa_1	S. aureus	8	2800000	22400000	20653	20586	67	0	67	14115	14058	57	5991	5978	13	86	85	1	6258.642857142857	315.5	13578	38	5	8	S. aureus #1	#e6194B	red
Sa_1	S. aureus	8	2800000	22400000	22066	21995	71	0	71	14934	14881	53	6555	6534	21	101	100	1	8225.785714285714	13022	13660	33	5	8	S. aureus #1	#e6194B	red
Sa_1	S. aureus	8	2800000	22400000	14606	14605	1	0	1	9922	9921	1	4349	4349	0	81	81	0	3679.25	126.5	14091	23	5	8	S. aureus #1	#e6194B	red
Sa_1	S. aureus	8	2800000	22400000	15371	15364	7	0	7	10307	10303	4	4662	4657	5	91	91	0	8292.357142857143	14143.5	14449	26	5	8	S. aureus #1	#e6194B	red
Sa_1	S. aureus	8	2800000	22400000	13971	13968	3	0	3	9251	9250	1	4372	4370	2	66	66	0	3533.535714285714	504.5	13066	26	5	8	S. aureus #1	#e6194B	red
Sa_1	S. aureus	8	2800000	22400000	20945	20874	71	0	71	14220	14163	57	6169	6153	16	105	104	1	6416.178571428572	112	14328	39	5	8	S. aureus #1	#e6194B	red
Sa_1	S. aureus	11	2800000	30800000	15422	15417	5	0	5	10357	10353	4	4679	4676	3	90	90	0	6313.672727272728	494	14406	28	7.5	11	S. aureus #1	#e6194B	red
Sa_1	S. aureus	11	2800000	30800000	15194	15187	7	0	7	10262	10257	5	4570	4568	2	85	84	1	4663.690909090909	126	14517	26	7.5	11	S. aureus #1	#e6194B	red
Sa_1	S. aureus	11	2800000	30800000	15059	15057	2	0	2	10154	10152	2	4530	4529	1	85	85	0	2810.490909090909	140	14406	26	7.5	11	S. aureus #1	#e6194B	red
Sa_1	S. aureus	11	2800000	30800000	15861	15850	11	0	11	10613	10607	6	4852	4846	6	88	88	0	7325.418181818181	13440	14395	32	7.5	11	S. aureus #1	#e6194B	red
Sa_1	S. aureus	11	2800000	30800000	25636	25505	131	0	131	17303	17199	104	7659	7627	32	114	113	1	6559.545454545455	320	13661	48	7.5	11	S. aureus #1	#e6194B	red
Sa_1	S. aureus	11	2800000	30800000	22492	22416	76	0	76	15140	15085	55	6753	6729	24	110	109	1	6460.127272727273	689	13660	34	7.5	11	S. aureus #1	#e6194B	red
Sa_1	S. aureus	11	2800000	30800000	15290	15287	3	0	3	10227	10225	2	4666	4665	1	91	91	0	4793.963636363636	127	14434	27	7.5	11	S. aureus #1	#e6194B	red
Sa_1	S. aureus	11	2800000	30800000	15770	15762	8	0	8	10466	10462	4	4890	4884	6	98	98	0	7924.054545454545	14142	14449	26	7.5	11	S. aureus #1	#e6194B	red
Sa_1	S. aureus	11	2800000	30800000	14115	14112	3	0	3	9285	9284	1	4475	4473	2	67	67	0	2612.690909090909	170	13066	26	7.5	11	S. aureus #1	#e6194B	red
Sa_1	S. aureus	11	2800000	30800000	21777	21700	77	0	77	14604	14544	60	6585	6567	18	116	115	1	6687.4	694	14328	41	7.5	11	S. aureus #1	#e6194B	red
Sa_1	S. aureus	15	2800000	42000000	15702	15697	5	0	5	10439	10435	4	4855	4852	3	99	99	0	6068.942857142857	494	14425	28	10	15	S. aureus #1	#e6194B	red
Sa_1	S. aureus	15	2800000	42000000	15779	15771	8	0	8	10459	10453	6	4936	4934	2	95	94	1	4981.8190476190475	495	14522	27	10	15	S. aureus #1	#e6194B	red
Sa_1	S. aureus	15	2800000	42000000	21870	21797	73	0	73	14593	14533	60	6670	6654	16	123	122	1	5122.295238095238	477	14406	39	10	15	S. aureus #1	#e6194B	red
Sa_1	S. aureus	15	2800000	42000000	16233	16221	12	0	12	10732	10725	7	5088	5082	6	97	97	0	6900.752380952381	978	14395	33	10	15	S. aureus #1	#e6194B	red
Sa_1	S. aureus	15	2800000	42000000	25789	25657	132	0	132	17352	17247	105	7758	7725	33	118	117	1	4988.961904761904	137	13661	48	10	15	S. aureus #1	#e6194B	red
Sa_1	S. aureus	15	2800000	42000000	22692	22615	77	0	77	15188	15132	56	6892	6867	25	117	116	1	4971.742857142857	492	13660	34	10	15	S. aureus #1	#e6194B	red
Sa_1	S. aureus	15	2800000	42000000	15479	15475	4	0	4	10280	10278	2	4788	4786	2	96	96	0	3688.9238095238097	132	14434	28	10	15	S. aureus #1	#e6194B	red
Sa_1	S. aureus	15	2800000	42000000	15918	15909	9	0	9	10508	10503	5	4993	4986	7	101	101	0	7456.561904761905	14122	14449	26	10	15	S. aureus #1	#e6194B	red
Sa_1	S. aureus	15	2800000	42000000	14351	14346	5	0	5	9353	9351	2	4627	4624	3	79	79	0	1991.8190476190475	158	13066	27	10	15	S. aureus #1	#e6194B	red
Sa_1	S. aureus	15	2800000	42000000	21959	21882	77	0	77	14650	14590	60	6710	6692	18	126	125	1	5151.1809523809525	119	14328	42	10	15	S. aureus #1	#e6194B	red
Sa_1	S. aureus	19	2800000	53200000	22328	22252	76	0	76	14938	14884	54	6878	6856	22	134	131	3	6130.994152046784	490	14425	38	12.5	19	S. aureus #1	#e6194B	red
Sa_1	S. aureus	19	2800000	53200000	16286	16277	9	0	9	10619	10612	7	5251	5249	2	106	105	1	5103.245614035088	494	14535	31	12.5	19	S. aureus #1	#e6194B	red
Sa_1	S. aureus	19	2800000	53200000	22337	22261	76	0	76	14781	14719	62	6928	6911	17	132	131	1	6171.181286549708	492	14446	40	12.5	19	S. aureus #1	#e6194B	red
Sa_1	S. aureus	19	2800000	53200000	16828	16812	16	0	16	10979	10972	7	5420	5411	9	107	107	0	7460.912280701755	13448	14525	33	12.5	19	S. aureus #1	#e6194B	red
Sa_1	S. aureus	19	2800000	53200000	26482	26341	141	0	141	17622	17510	112	8155	8119	36	135	133	2	5198.397660818713	138	14291	53	12.5	19	S. aureus #1	#e6194B	red
Sa_1	S. aureus	19	2800000	53200000	22934	22856	78	0	78	15281	15224	57	7034	7009	25	123	121	2	4091.0994152046783	487	13660	36	12.5	19	S. aureus #1	#e6194B	red
Sa_1	S. aureus	19	2800000	53200000	15719	15715	4	0	4	10365	10363	2	4928	4926	2	102	102	0	4139.608187134503	132	14444	29	12.5	19	S. aureus #1	#e6194B	red
Sa_1	S. aureus	19	2800000	53200000	16601	16586	15	0	15	10830	10822	8	5340	5330	10	111	111	0	6672.982456140351	973	14452	30	12.5	19	S. aureus #1	#e6194B	red
Sa_1	S. aureus	19	2800000	53200000	14727	14720	7	0	7	9474	9470	4	4858	4855	3	92	92	0	1621.280701754386	159	13066	29	12.5	19	S. aureus #1	#e6194B	red
Sa_1	S. aureus	19	2800000	53200000	22494	22413	81	0	81	14858	14796	62	7021	7000	21	134	133	1	5227.625730994152	495	14328	43	12.5	19	S. aureus #1	#e6194B	red
Sa_1	S. aureus	38	2800000	106400000	23667	23585	82	0	82	15384	15325	59	7702	7679	23	172	168	4	5496.49786628734	487	14516	39	25	38	S. aureus #1	#e6194B	red
Sa_1	S. aureus	38	2800000	106400000	28120	27965	155	0	155	18237	18121	116	9152	9109	43	184	180	4	6377.699857752489	526	14536	50	25	38	S. aureus #1	#e6194B	red
Sa_1	S. aureus	38	2800000	106400000	24145	24056	89	0	89	15494	15425	69	7955	7932	23	172	171	1	4642.051209103841	486	14452	46	25	38	S. aureus #1	#e6194B	red
Sa_1	S. aureus	38	2800000	106400000	23842	23753	89	0	89	15409	15345	64	7763	7737	26	165	164	1	5929.116642958748	671	14531	47	25	38	S. aureus #1	#e6194B	red
Sa_1	S. aureus	38	2800000	106400000	28079	27922	157	0	157	18166	18046	120	9132	9088	44	176	174	2	5579.684210526316	148	14410	55	25	38	S. aureus #1	#e6194B	red
Sa_1	S. aureus	38	2800000	106400000	24929	24836	93	0	93	16093	16028	65	8128	8092	36	170	168	2	4108.448079658606	480	14446	51	25	38	S. aureus #1	#e6194B	red
Sa_1	S. aureus	38	2800000	106400000	29219	29051	167	1	168	18925	18806	119	9504	9449	55	191	187	4	5125.900426742532	478	14481	56	25	38	S. aureus #1	#e6194B	red
Sa_1	S. aureus	38	2800000	106400000	24491	24412	79	0	79	15710	15656	54	8090	8060	30	175	175	0	6314.522048364153	516	14533	46	25	38	S. aureus #1	#e6194B	red
Sa_1	S. aureus	38	2800000	106400000	28430	28276	154	0	154	18244	18128	116	9376	9336	40	188	185	3	4658.022759601707	166	14427	53	25	38	S. aureus #1	#e6194B	red
Sa_1	S. aureus	38	2800000	106400000	23545	23457	88	0	88	15215	15148	67	7676	7651	25	160	157	3	4044.891891891892	131	14336	47	25	38	S. aureus #1	#e6194B	red
Sa_1	S. aureus	75	2800000	210000000	33630	33386	244	0	244	21007	20831	176	11658	11576	82	260	254	6	5755.1945945945945	488	14516	59	50	75	S. aureus #1	#e6194B	red
Sa_1	S. aureus	75	2800000	210000000	33741	33498	243	0	243	21171	20997	174	11631	11552	79	263	258	5	4865.547747747748	481	14627	61	50	75	S. aureus #1	#e6194B	red
Sa_1	S. aureus	75	2800000	210000000	30278	30106	172	0	172	18842	18715	127	10536	10481	55	240	236	4	5106.258738738738	485	14452	57	50	75	S. aureus #1	#e6194B	red
Sa_1	S. aureus	75	2800000	210000000	29644	29471	173	0	173	18559	18436	123	10216	10157	59	226	223	3	5520.60972972973	495	14531	56	50	75	S. aureus #1	#e6194B	red
Sa_1	S. aureus	75	2800000	210000000	30645	30464	181	0	181	19088	18954	134	10667	10612	55	234	231	3	5575.9481081081085	456	14627	57	50	75	S. aureus #1	#e6194B	red
Sa_1	S. aureus	75	2800000	210000000	30826	30640	186	0	186	19309	19173	136	10638	10577	61	227	224	3	4338.147747747747	462	14446	60	50	75	S. aureus #1	#e6194B	red
Sa_1	S. aureus	75	2800000	210000000	34851	34596	254	1	255	21706	21522	184	12165	12081	84	268	263	5	4890.824144144144	229	14539	68	50	75	S. aureus #1	#e6194B	red
Sa_1	S. aureus	75	2800000	210000000	33889	33646	243	0	243	21258	21086	172	11679	11601	78	268	263	5	5800.201441441442	498	14536	65	50	75	S. aureus #1	#e6194B	red
Sa_1	S. aureus	75	2800000	210000000	33335	33107	228	0	228	20951	20785	166	11449	11381	68	249	244	5	4866.369729729729	300	14427	61	50	75	S. aureus #1	#e6194B	red
Sa_1	S. aureus	75	2800000	210000000	31643	31438	204	1	205	19638	19492	146	11090	11020	70	238	234	4	5155.054774774775	489	14533	65	50	75	S. aureus #1	#e6194B	red
Sa_1	S. aureus	112	2800000	313600000	36294	36016	277	1	278	22137	21939	198	13087	12992	95	315	309	6	5566.403314028314	490	14627	67	75	112	S. aureus #1	#e6194B	red
Sa_1	S. aureus	112	2800000	313600000	36735	36446	288	1	289	22243	22039	204	13406	13304	102	329	321	8	5134.4925997426	483	14627	69	75	112	S. aureus #1	#e6194B	red
Sa_1	S. aureus	112	2800000	313600000	35711	35443	268	0	268	21704	21512	192	12963	12873	90	308	300	8	5714.599903474904	491	14627	66	75	112	S. aureus #1	#e6194B	red
Sa_1	S. aureus	112	2800000	313600000	32800	32599	201	0	201	19892	19748	144	11921	11853	68	292	289	3	5213.312741312741	472	14627	62	75	112	S. aureus #1	#e6194B	red
Sa_1	S. aureus	112	2800000	313600000	32814	32615	199	0	199	19750	19606	144	12057	11990	67	301	298	3	5100.087676962677	474	14627	65	75	112	S. aureus #1	#e6194B	red
Sa_1	S. aureus	112	2800000	313600000	35786	35513	273	0	273	21993	21797	196	12781	12690	91	297	291	6	5559.436454311454	490	14531	67	75	112	S. aureus #1	#e6194B	red
Sa_1	S. aureus	112	2800000	313600000	36671	36392	278	1	279	22233	22034	199	13375	13278	97	317	311	6	4795.495012870013	474	14539	72	75	112	S. aureus #1	#e6194B	red
Sa_1	S. aureus	112	2800000	313600000	35857	35593	264	0	264	21856	21667	189	12953	12864	89	323	318	5	5267.978603603604	474	14545	70	75	112	S. aureus #1	#e6194B	red
Sa_1	S. aureus	112	2800000	313600000	36128	35869	259	0	259	21940	21755	185	13119	13036	83	324	318	6	5728.8935006435	496	14627	70	75	112	S. aureus #1	#e6194B	red
Sa_1	S. aureus	112	2800000	313600000	33116	32901	214	1	215	20035	19882	153	12082	12009	73	294	289	5	4779.707368082368	413.5	14545	67	75	112	S. aureus #1	#e6194B	red
Sa_2	S. aureus	3	2800000	8400000	11123	11123	0	0	0	8008	8008	0	3127	3127	0	36	36	0	7414.333333333333	10995	11025	9	1	3	S. aureus #2	#fabebe	pink
Sa_2	S. aureus	3	2800000	8400000	455	455	0	0	0	179	179	0	274	274	0	4	4	0	288	365	378	0	1	3	S. aureus #2	#fabebe	pink
Sa_2	S. aureus	3	2800000	8400000	11053	11052	1	0	1	7979	7978	1	3086	3086	0	35	35	0	7363	10959	10976	9	1	3	S. aureus #2	#fabebe	pink
Sa_2	S. aureus	3	2800000	8400000	185	185	0	0	0	59	59	0	125	125	0	2	2	0	123.33333333333333	154	160	0	1	3	S. aureus #2	#fabebe	pink
Sa_2	S. aureus	3	2800000	8400000	229	229	0	0	0	66	66	0	157	157	0	6	6	0	152.66666666666666	152	159	0	1	3	S. aureus #2	#fabebe	pink
Sa_2	S. aureus	3	2800000	8400000	11099	11099	0	0	0	7947	7947	0	3161	3161	0	38	38	0	7394	11006	11054	9	1	3	S. aureus #2	#fabebe	pink
Sa_2	S. aureus	3	2800000	8400000	11227	11226	1	0	1	8048	8047	1	3194	3194	0	34	34	0	7451.333333333333	10959	10977	10	1	3	S. aureus #2	#fabebe	pink
Sa_2	S. aureus	3	2800000	8400000	11107	11107	0	0	0	7989	7989	0	3126	3126	0	39	39	0	7399	10986	11031	9	1	3	S. aureus #2	#fabebe	pink
Sa_2	S. aureus	3	2800000	8400000	310	310	0	0	0	125	125	0	178	178	0	10	10	0	206.66666666666666	217	230	0	1	3	S. aureus #2	#fabebe	pink
Sa_2	S. aureus	3	2800000	8400000	310	310	0	0	0	102	102	0	204	204	0	5	5	0	206.66666666666666	241	271	0	1	3	S. aureus #2	#fabebe	pink
Sa_2	S. aureus	7	2800000	19600000	11440	11439	1	0	1	8097	8096	1	3342	3341	1	49	49	0	3300.5238095238096	253	11057	9	2.5	7	S. aureus #2	#fabebe	pink
Sa_2	S. aureus	7	2800000	19600000	11744	11742	2	0	2	8228	8227	1	3527	3526	1	39	39	0	5370.476190476191	491	11019	10	2.5	7	S. aureus #2	#fabebe	pink
Sa_2	S. aureus	7	2800000	19600000	11364	11361	3	0	3	8082	8080	2	3289	3288	1	40	40	0	5323.047619047619	271	11010	9	2.5	7	S. aureus #2	#fabebe	pink
Sa_2	S. aureus	7	2800000	19600000	11448	11445	3	0	3	8111	8108	3	3344	3343	1	41	41	0	3305.7619047619046	360	11030	9	2.5	7	S. aureus #2	#fabebe	pink
Sa_2	S. aureus	7	2800000	19600000	11628	11623	5	0	5	8111	8107	4	3516	3514	2	49	48	1	5358.238095238095	509	11060	9	2.5	7	S. aureus #2	#fabebe	pink
Sa_2	S. aureus	7	2800000	19600000	11738	11733	5	0	5	8191	8187	4	3552	3550	2	45	44	1	6409.238095238095	10934	11069	9	2.5	7	S. aureus #2	#fabebe	pink
Sa_2	S. aureus	7	2800000	19600000	46133	45927	206	0	206	34698	34519	179	11429	11381	48	105	103	2	15666.380952380952	10972	40006	29	2.5	7	S. aureus #2	#fabebe	pink
Sa_2	S. aureus	7	2800000	19600000	11345	11344	1	0	1	8073	8072	1	3273	3273	0	48	48	0	5324.809523809524	287	11032	10	2.5	7	S. aureus #2	#fabebe	pink
Sa_2	S. aureus	7	2800000	19600000	452	452	0	0	0	169	169	0	274	274	0	12	12	0	163.23809523809524	173	250	0	2.5	7	S. aureus #2	#fabebe	pink
Sa_2	S. aureus	7	2800000	19600000	11325	11323	2	0	2	8057	8056	1	3279	3278	1	37	37	0	5311.666666666667	271	11031	9	2.5	7	S. aureus #2	#fabebe	pink
Sa_2	S. aureus	13	2800000	36400000	12039	12035	4	0	4	8320	8318	2	3712	3709	3	58	57	1	3197.358974358974	222	11057	10	5	13	S. aureus #2	#fabebe	pink
Sa_2	S. aureus	13	2800000	36400000	46843	46632	211	0	211	34986	34804	182	11843	11791	52	115	114	1	10105.692307692309	5729	40252	29	5	13	S. aureus #2	#fabebe	pink
Sa_2	S. aureus	13	2800000	36400000	12069	12063	6	0	6	8335	8332	3	3736	3733	3	49	49	0	5159.910256410257	512.5	11018	10	5	13	S. aureus #2	#fabebe	pink
Sa_2	S. aureus	13	2800000	36400000	11881	11876	5	0	5	8244	8239	5	3637	3636	1	53	53	0	5183.448717948718	406.5	11069	9	5	13	S. aureus #2	#fabebe	pink
Sa_2	S. aureus	13	2800000	36400000	12142	12137	5	0	5	8291	8287	4	3839	3837	2	63	62	1	4354.025641025641	247.5	11060	10	5	13	S. aureus #2	#fabebe	pink
Sa_2	S. aureus	13	2800000	36400000	46054	45844	210	0	210	34448	34261	187	11588	11540	48	118	116	2	9973.551282051281	5710.5	39581	28	5	13	S. aureus #2	#fabebe	pink
Sa_2	S. aureus	13	2800000	36400000	46444	46234	210	0	210	34795	34614	181	11631	11581	50	118	116	2	9062.28205128205	231	40006	29	5	13	S. aureus #2	#fabebe	pink
Sa_2	S. aureus	13	2800000	36400000	11993	11990	3	0	3	8269	8267	2	3720	3719	1	55	55	0	5745.679487179487	10929.5	11063	11	5	13	S. aureus #2	#fabebe	pink
Sa_2	S. aureus	13	2800000	36400000	11931	11929	2	0	2	8298	8297	1	3633	3632	1	51	51	0	3187.4102564102564	219	11019	11	5	13	S. aureus #2	#fabebe	pink
Sa_2	S. aureus	13	2800000	36400000	11659	11656	3	0	3	8167	8166	1	3498	3496	2	44	44	0	3213.551282051282	186	11031	10	5	13	S. aureus #2	#fabebe	pink
Sa_2	S. aureus	20	2800000	56000000	12459	12455	4	0	4	8438	8436	2	4006	4003	3	68	67	1	2210.3473684210526	222	11057	10	7.5	20	S. aureus #2	#fabebe	pink
Sa_2	S. aureus	20	2800000	56000000	47479	47259	220	0	220	35160	34975	185	12289	12229	60	131	130	1	6949.0684210526315	361	40252	29	7.5	20	S. aureus #2	#fabebe	pink
Sa_2	S. aureus	20	2800000	56000000	12783	12773	10	0	10	8575	8568	7	4197	4193	4	66	66	0	4975.542105263158	436.5	11040	12	7.5	20	S. aureus #2	#fabebe	pink
Sa_2	S. aureus	20	2800000	56000000	12432	12425	7	0	7	8414	8408	6	4008	4006	2	65	65	0	3842.1157894736843	303.5	11069	9	7.5	20	S. aureus #2	#fabebe	pink
Sa_2	S. aureus	20	2800000	56000000	46446	46233	213	0	213	34578	34393	185	11836	11786	50	131	129	2	8091.115789473684	428	39596	29	7.5	20	S. aureus #2	#fabebe	pink
Sa_2	S. aureus	20	2800000	56000000	46336	46121	215	0	215	34512	34322	190	11795	11743	52	129	126	3	7534.1578947368425	382	39581	29	7.5	20	S. aureus #2	#fabebe	pink
Sa_2	S. aureus	20	2800000	56000000	46904	46687	217	0	217	34919	34734	185	11958	11903	55	127	125	2	7566.357894736842	310.5	40022	29	7.5	20	S. aureus #2	#fabebe	pink
Sa_2	S. aureus	20	2800000	56000000	12210	12207	3	0	3	8329	8327	2	3870	3869	1	63	63	0	4447.273684210526	253.5	11063	11	7.5	20	S. aureus #2	#fabebe	pink
Sa_2	S. aureus	20	2800000	56000000	12251	12249	2	0	2	8380	8379	1	3862	3861	1	62	62	0	4426.526315789473	244.5	11032	12	7.5	20	S. aureus #2	#fabebe	pink
Sa_2	S. aureus	20	2800000	56000000	46942	46729	213	0	213	34966	34783	183	11956	11904	52	123	122	1	7577.942105263158	246	40182	29	7.5	20	S. aureus #2	#fabebe	pink
Sa_2	S. aureus	27	2800000	75600000	12915	12910	5	0	5	8562	8559	3	4325	4322	3	83	82	1	2392.957264957265	227	11069	11	10	27	S. aureus #2	#fabebe	pink
Sa_2	S. aureus	27	2800000	75600000	47965	47740	225	0	225	35291	35104	187	12631	12567	64	146	145	1	5885.054131054131	285	40252	30	10	27	S. aureus #2	#fabebe	pink
Sa_2	S. aureus	27	2800000	75600000	13144	13134	10	0	10	8680	8673	7	4442	4438	4	79	79	0	4065.7521367521367	271	11040	13	10	27	S. aureus #2	#fabebe	pink
Sa_2	S. aureus	27	2800000	75600000	12735	12727	8	0	8	8498	8492	6	4218	4215	3	74	74	0	3592.6267806267806	275	11095	9	10	27	S. aureus #2	#fabebe	pink
Sa_2	S. aureus	27	2800000	75600000	46751	46534	217	0	217	34655	34468	187	12059	12007	52	136	134	2	6315.25641025641	229	39596	29	10	27	S. aureus #2	#fabebe	pink
Sa_2	S. aureus	27	2800000	75600000	46766	46547	219	0	219	34635	34443	192	12091	12037	54	142	139	3	6280.185185185185	302	39581	30	10	27	S. aureus #2	#fabebe	pink
Sa_2	S. aureus	27	2800000	75600000	47557	47337	220	0	220	35161	34975	186	12359	12302	57	139	137	2	8947.410256410256	326	40201	29	10	27	S. aureus #2	#fabebe	pink
Sa_2	S. aureus	27	2800000	75600000	13038	13029	9	0	9	8567	8561	6	4449	4445	4	78	77	1	4511.811965811966	292	11066	11	10	27	S. aureus #2	#fabebe	pink
Sa_2	S. aureus	27	2800000	75600000	12466	12463	3	0	3	8438	8437	1	4014	4012	2	67	67	0	4467.242165242165	233	11032	12	10	27	S. aureus #2	#fabebe	pink
Sa_2	S. aureus	27	2800000	75600000	47711	47486	225	0	225	35242	35048	194	12436	12380	56	137	135	2	8938.809116809116	255	40182	29	10	27	S. aureus #2	#fabebe	pink
Sa_2	S. aureus	33	2800000	92400000	48380	48149	231	0	231	35397	35199	198	12918	12856	62	168	165	3	4912.560606060606	265	40213	29	12.5	33	S. aureus #2	#fabebe	pink
Sa_2	S. aureus	33	2800000	92400000	48128	47901	227	0	227	35335	35147	188	12745	12680	65	151	150	1	6218.407196969697	385.5	40252	30	12.5	33	S. aureus #2	#fabebe	pink
Sa_2	S. aureus	33	2800000	92400000	13337	13327	10	0	10	8734	8727	7	4570	4566	4	91	91	0	3498.753787878788	243	11040	14	12.5	33	S. aureus #2	#fabebe	pink
Sa_2	S. aureus	33	2800000	92400000	12944	12934	10	0	10	8559	8552	7	4359	4355	4	81	80	1	3513.8352272727275	246.5	11095	9	12.5	33	S. aureus #2	#fabebe	pink
Sa_2	S. aureus	33	2800000	92400000	46997	46778	219	0	219	34724	34535	189	12227	12175	52	146	144	2	5746.174242424242	222	39596	30	12.5	33	S. aureus #2	#fabebe	pink
Sa_2	S. aureus	33	2800000	92400000	47212	46988	224	0	224	34745	34550	195	12412	12356	56	157	154	3	5295.314393939394	267.5	39581	31	12.5	33	S. aureus #2	#fabebe	pink
Sa_2	S. aureus	33	2800000	92400000	47713	47491	222	0	222	35200	35013	187	12473	12415	58	142	140	2	7520.217803030303	242	40201	29	12.5	33	S. aureus #2	#fabebe	pink
Sa_2	S. aureus	33	2800000	92400000	13297	13287	10	0	10	8639	8633	6	4629	4624	5	86	85	1	3922.3314393939395	263.5	11066	11	12.5	33	S. aureus #2	#fabebe	pink
Sa_2	S. aureus	33	2800000	92400000	12873	12869	4	0	4	8563	8562	1	4286	4283	3	80	80	0	4256.994318181818	237	11033	12	12.5	33	S. aureus #2	#fabebe	pink
Sa_2	S. aureus	33	2800000	92400000	48148	47909	239	0	239	35380	35178	202	12724	12659	65	150	148	2	8300.193181818182	261	40182	31	12.5	33	S. aureus #2	#fabebe	pink
Sa_2	S. aureus	67	2800000	187600000	49966	49717	249	0	249	35828	35621	207	14033	13961	72	212	209	3	4347.022614201719	257	40213	30	25	67	S. aureus #2	#fabebe	pink
Sa_2	S. aureus	67	2800000	187600000	49817	49572	245	0	245	35784	35584	200	13934	13859	75	202	198	4	4750.619176843057	259	40284	31	25	67	S. aureus #2	#fabebe	pink
Sa_2	S. aureus	67	2800000	187600000	50048	49791	257	0	257	35931	35714	217	14022	13950	72	199	195	4	5837.714156490276	267	40275	32	25	67	S. aureus #2	#fabebe	pink
Sa_2	S. aureus	67	2800000	187600000	49803	49542	261	0	261	35820	35606	214	13891	13809	82	197	194	3	6039.376752600633	344	40182	32	25	67	S. aureus #2	#fabebe	pink
Sa_2	S. aureus	67	2800000	187600000	49045	48796	249	0	249	35309	35108	201	13648	13573	75	190	186	4	4526.587516960652	231	39596	32	25	67	S. aureus #2	#fabebe	pink
Sa_2	S. aureus	67	2800000	187600000	50265	50003	262	0	262	35937	35719	218	14225	14148	77	208	203	5	5808.865671641791	278	40233	32	25	67	S. aureus #2	#fabebe	pink
Sa_2	S. aureus	67	2800000	187600000	50029	49771	258	0	258	35862	35646	216	14068	13994	74	201	197	4	7907.503844414292	269	40301	29	25	67	S. aureus #2	#fabebe	pink
Sa_2	S. aureus	67	2800000	187600000	14500	14485	15	0	15	9002	8994	8	5437	5429	8	122	120	2	3785.704658525554	250	11130	12	25	67	S. aureus #2	#fabebe	pink
Sa_2	S. aureus	67	2800000	187600000	49664	49408	256	0	256	35755	35547	208	13811	13733	78	206	204	2	5120.648575305292	265	40295	33	25	67	S. aureus #2	#fabebe	pink
Sa_2	S. aureus	67	2800000	187600000	49783	49522	261	0	261	35780	35563	217	13899	13820	79	210	207	3	5836.8082315694255	252	40224	31	25	67	S. aureus #2	#fabebe	pink
Sa_2	S. aureus	134	2800000	375200000	53286	52972	314	0	314	36768	36522	246	16317	16203	114	310	302	8	4964.9868701604755	269	40300	33	50	134	S. aureus #2	#fabebe	pink
Sa_2	S. aureus	134	2800000	375200000	52875	52585	290	0	290	36627	36397	230	16071	15975	96	281	276	5	5154.553248793626	251	40300	33	50	134	S. aureus #2	#fabebe	pink
Sa_2	S. aureus	134	2800000	375200000	52930	52627	303	0	303	36662	36421	241	16106	16004	102	269	264	5	6305.197508697116	344	40302	33	50	134	S. aureus #2	#fabebe	pink
Sa_2	S. aureus	134	2800000	375200000	52841	52522	319	0	319	36649	36403	246	16020	15904	116	281	275	6	6305.0595892716865	303	40189	33	50	134	S. aureus #2	#fabebe	pink
Sa_2	S. aureus	134	2800000	375200000	52461	52167	294	0	294	36424	36194	230	15876	15775	101	269	263	6	4486.549433284705	237	40226	34	50	134	S. aureus #2	#fabebe	pink
Sa_2	S. aureus	134	2800000	375200000	53097	52779	318	0	318	36715	36462	253	16197	16087	110	293	285	8	6298.823139939401	269	40233	34	50	134	S. aureus #2	#fabebe	pink
Sa_2	S. aureus	134	2800000	375200000	53072	52753	319	0	319	36688	36438	250	16210	16097	113	282	276	6	6230.389743014252	296	40302	35	50	134	S. aureus #2	#fabebe	pink
Sa_2	S. aureus	134	2800000	375200000	52044	51752	292	0	292	36390	36154	236	15501	15404	97	258	254	4	5334.244978116934	263	40224	32	50	134	S. aureus #2	#fabebe	pink
Sa_2	S. aureus	134	2800000	375200000	52989	52688	301	0	301	36651	36410	241	16165	16067	98	282	277	5	5601.368421052632	261	40300	36	50	134	S. aureus #2	#fabebe	pink
Sa_2	S. aureus	134	2800000	375200000	52969	52661	308	0	308	36695	36455	240	16089	15979	110	293	288	5	6494.283020985299	276	40233	34	50	134	S. aureus #2	#fabebe	pink
Sa_2	S. aureus	200	2800000	560000000	55394	55032	362	0	362	37298	37025	273	17840	17700	140	366	357	9	5075.860603015075	267	40302	36	75	200	S. aureus #2	#fabebe	pink
Sa_2	S. aureus	200	2800000	560000000	54866	54540	326	0	326	37135	36876	259	17496	17383	113	343	336	7	5975.183165829146	275	40302	35	75	200	S. aureus #2	#fabebe	pink
Sa_2	S. aureus	200	2800000	560000000	55589	55231	358	0	358	37339	37064	275	18004	17869	135	355	347	8	5618.107135678392	282	40302	35	75	200	S. aureus #2	#fabebe	pink
Efm_1	E. faecium	2	2900000	5800000	3994	3994	0	0	0	3163	3163	0	838	838	0	11	11	0	3994	3994	3994	1	1	2	E. faecium #1	#9A6324	brown
Efm_1	E. faecium	2	2900000	5800000	4	4	0	0	0	3	3	0	0	0	0	1	1	0	4	4	4	0	1	2	E. faecium #1	#9A6324	brown
Efm_1	E. faecium	2	2900000	5800000	3382	3382	0	0	0	2702	2702	0	677	677	0	12	12	0	3382	3382	3382	2	1	2	E. faecium #1	#9A6324	brown
Efm_1	E. faecium	2	2900000	5800000	4737	4737	0	0	0	3762	3762	0	976	976	0	16	16	0	4737	4737	4737	2	1	2	E. faecium #1	#9A6324	brown
Efm_1	E. faecium	2	2900000	5800000	184	184	0	0	0	121	121	0	64	64	0	1	1	0	184	184	184	0	1	2	E. faecium #1	#9A6324	brown
Efm_1	E. faecium	2	2900000	5800000	3427	3427	0	0	0	2643	2643	0	779	779	0	15	15	0	3427	3427	3427	1	1	2	E. faecium #1	#9A6324	brown
Efm_1	E. faecium	2	2900000	5800000	4027	4027	0	0	0	3106	3106	0	911	911	0	17	17	0	4027	4027	4027	3	1	2	E. faecium #1	#9A6324	brown
Efm_1	E. faecium	2	2900000	5800000	4323	4323	0	0	0	3379	3379	0	943	943	0	15	15	0	4323	4323	4323	1	1	2	E. faecium #1	#9A6324	brown
Efm_1	E. faecium	2	2900000	5800000	27	27	0	0	0	10	10	0	17	17	0	1	1	0	27	27	27	0	1	2	E. faecium #1	#9A6324	brown
Efm_1	E. faecium	2	2900000	5800000	4524	4524	0	0	0	3366	3366	0	1150	1150	0	22	22	0	4524	4524	4524	1	1	2	E. faecium #1	#9A6324	brown
Efm_1	E. faecium	4	2900000	11600000	4788	4769	19	0	19	3718	3702	16	1074	1070	4	15	15	0	2965.5	4059.5	4314	1	2.5	4	E. faecium #1	#9A6324	brown
Efm_1	E. faecium	4	2900000	11600000	4849	4848	1	0	1	3812	3811	1	1037	1037	0	17	17	0	2416.8333333333335	2402.5	4815	1	2.5	4	E. faecium #1	#9A6324	brown
Efm_1	E. faecium	4	2900000	11600000	5888	5854	34	0	34	4584	4556	28	1306	1298	8	19	19	0	3352.3333333333335	3903	4407	2	2.5	4	E. faecium #1	#9A6324	brown
Efm_1	E. faecium	4	2900000	11600000	6433	6399	34	0	34	4908	4881	27	1518	1511	7	25	25	0	3615.3333333333335	3765	4755	2	2.5	4	E. faecium #1	#9A6324	brown
Efm_1	E. faecium	4	2900000	11600000	5235	5226	9	0	9	4098	4089	9	1139	1137	2	21	21	0	2977.8333333333335	3666	4461	3	2.5	4	E. faecium #1	#9A6324	brown
Efm_1	E. faecium	4	2900000	11600000	6889	6863	26	0	26	5193	5171	22	1685	1681	4	31	31	0	3760	4141.5	4507	2	2.5	4	E. faecium #1	#9A6324	brown
Efm_1	E. faecium	4	2900000	11600000	6538	6512	26	0	26	4977	4955	22	1556	1552	4	25	25	0	3591.5	3965	4523	3	2.5	4	E. faecium #1	#9A6324	brown
Efm_1	E. faecium	4	2900000	11600000	4370	4370	0	0	0	3389	3389	0	980	980	0	15	15	0	2893.6666666666665	4298.5	4323	2	2.5	4	E. faecium #1	#9A6324	brown
Efm_1	E. faecium	4	2900000	11600000	8109	8108	1	0	1	6215	6215	0	1893	1892	1	29	29	0	4036.1666666666665	4019.5	8076	5	2.5	4	E. faecium #1	#9A6324	brown
Efm_1	E. faecium	4	2900000	11600000	4596	4595	1	0	1	3383	3383	0	1204	1203	1	24	24	0	2296.3333333333335	2298.5	4524	2	2.5	4	E. faecium #1	#9A6324	brown
Efm_1	E. faecium	8	2900000	23200000	7036	6988	48	0	48	5285	5246	39	1748	1736	12	27	27	0	3139.3928571428573	3814	4543	2	5	8	E. faecium #1	#9A6324	brown
Efm_1	E. faecium	8	2900000	23200000	5760	5744	16	0	16	4439	4425	14	1319	1317	2	24	24	0	2187.6785714285716	1066.5	4815	2	5	8	E. faecium #1	#9A6324	brown
Efm_1	E. faecium	8	2900000	23200000	7156	7121	35	0	35	5338	5309	29	1810	1802	8	31	31	0	2824.9285714285716	3811.5	5310	2	5	8	E. faecium #1	#9A6324	brown
Efm_1	E. faecium	8	2900000	23200000	8312	8258	54	0	54	6331	6286	45	1977	1966	11	29	29	0	3589	4053.5	5157	2	5	8	E. faecium #1	#9A6324	brown
Efm_1	E. faecium	8	2900000	23200000	8561	8493	68	0	68	6514	6456	58	2040	2025	15	33	33	0	3498.6428571428573	4001	5332	3	5	8	E. faecium #1	#9A6324	brown
Efm_1	E. faecium	8	2900000	23200000	7208	7164	44	0	44	5396	5359	37	1802	1793	9	33	33	0	3196	3823	4522	3	5	8	E. faecium #1	#9A6324	brown
Efm_1	E. faecium	8	2900000	23200000	6786	6751	35	0	35	5112	5084	28	1667	1660	7	30	30	0	3061.5714285714284	3552	4822	3	5	8	E. faecium #1	#9A6324	brown
Efm_1	E. faecium	8	2900000	23200000	6556	6530	26	0	26	4953	4931	22	1596	1592	4	26	26	0	2927.8928571428573	4289.5	4559	3	5	8	E. faecium #1	#9A6324	brown
Efm_1	E. faecium	8	2900000	23200000	10157	10090	67	0	67	7628	7572	56	2518	2497	21	40	40	0	3842.785714285714	3841	8076	5	5	8	E. faecium #1	#9A6324	brown
Efm_1	E. faecium	8	2900000	23200000	6589	6561	28	0	28	4958	4935	23	1618	1613	5	33	33	0	2679.1428571428573	4200.5	4551	3	5	8	E. faecium #1	#9A6324	brown
Efm_1	E. faecium	11	2900000	31900000	7090	7042	48	0	48	5299	5260	39	1783	1771	12	32	32	0	2989.327272727273	3894	4543	2	7.5	11	E. faecium #1	#9A6324	brown
Efm_1	E. faecium	11	2900000	31900000	7602	7551	51	0	51	5883	5839	44	1714	1705	9	30	30	0	2996.690909090909	4116	5322	2	7.5	11	E. faecium #1	#9A6324	brown
Efm_1	E. faecium	11	2900000	31900000	7216	7181	35	0	35	5348	5319	29	1857	1849	8	34	34	0	2631.5272727272727	3877	5310	2	7.5	11	E. faecium #1	#9A6324	brown
Efm_1	E. faecium	11	2900000	31900000	8376	8322	54	0	54	6350	6305	45	2022	2011	11	29	29	0	3328.163636363636	4063	5157	2	7.5	11	E. faecium #1	#9A6324	brown
Efm_1	E. faecium	11	2900000	31900000	8625	8557	68	0	68	6530	6472	58	2086	2071	15	35	35	0	3237.909090909091	3957	5349	3	7.5	11	E. faecium #1	#9A6324	brown
Efm_1	E. faecium	11	2900000	31900000	7260	7216	44	0	44	5411	5374	37	1838	1829	9	34	34	0	2938.672727272727	3739	4553	3	7.5	11	E. faecium #1	#9A6324	brown
Efm_1	E. faecium	11	2900000	31900000	6832	6797	35	0	35	5127	5099	28	1698	1691	7	30	30	0	3070.2909090909093	3860	4822	3	7.5	11	E. faecium #1	#9A6324	brown
Efm_1	E. faecium	11	2900000	31900000	8342	8297	45	0	45	6323	6284	39	2007	2000	7	36	36	0	3377.4363636363637	4289	5348	3	7.5	11	E. faecium #1	#9A6324	brown
Efm_1	E. faecium	11	2900000	31900000	10316	10240	76	0	76	7708	7644	64	2597	2574	23	42	42	0	3413.327272727273	3816	8087	5	7.5	11	E. faecium #1	#9A6324	brown
Efm_1	E. faecium	11	2900000	31900000	6748	6720	28	0	28	5030	5007	23	1704	1699	5	35	35	0	3001.7818181818184	4047	4551	3	7.5	11	E. faecium #1	#9A6324	brown
Efm_1	E. faecium	15	2900000	43500000	7160	7112	48	0	48	5321	5282	39	1828	1816	12	35	35	0	2932.961904761905	4027	4556	2	10	15	E. faecium #1	#9A6324	brown
Efm_1	E. faecium	15	2900000	43500000	8516	8461	55	0	55	6442	6396	46	2062	2051	11	37	37	0	3062.4857142857145	3913	5322	2	10	15	E. faecium #1	#9A6324	brown
Efm_1	E. faecium	15	2900000	43500000	7269	7233	36	0	36	5359	5330	29	1895	1886	9	38	38	0	2117.9142857142856	1147	5310	2	10	15	E. faecium #1	#9A6324	brown
Efm_1	E. faecium	15	2900000	43500000	8825	8770	55	0	55	6595	6549	46	2220	2209	11	35	35	0	3345.7809523809524	4049	5328	2	10	15	E. faecium #1	#9A6324	brown
Efm_1	E. faecium	15	2900000	43500000	8699	8631	68	0	68	6557	6499	58	2127	2112	15	41	41	0	3150.295238095238	3718	5349	3	10	15	E. faecium #1	#9A6324	brown
Efm_1	E. faecium	15	2900000	43500000	8738	8669	69	0	69	6573	6514	59	2153	2138	15	39	39	0	3160.980952380952	3999	5337	3	10	15	E. faecium #1	#9A6324	brown
Efm_1	E. faecium	15	2900000	43500000	6883	6848	35	0	35	5145	5117	28	1729	1722	7	32	32	0	2952.1047619047617	3866	4822	3	10	15	E. faecium #1	#9A6324	brown
Efm_1	E. faecium	15	2900000	43500000	8610	8546	64	0	64	6505	6450	55	2093	2081	12	38	38	0	3226.152380952381	4080	5348	3	10	15	E. faecium #1	#9A6324	brown
Efm_1	E. faecium	15	2900000	43500000	10447	10370	77	0	77	7759	7694	65	2673	2650	23	46	46	0	3423.6761904761906	3877	8087	6	10	15	E. faecium #1	#9A6324	brown
Efm_1	E. faecium	15	2900000	43500000	8484	8437	47	0	47	6365	6325	40	2103	2095	8	42	42	0	3108.8571428571427	4080	5362	3	10	15	E. faecium #1	#9A6324	brown
Efm_1	E. faecium	19	2900000	55100000	8871	8802	69	0	69	6626	6568	58	2227	2211	16	44	44	0	2993.2339181286548	4057	4975	2	12.5	19	E. faecium #1	#9A6324	brown
Efm_1	E. faecium	19	2900000	55100000	8641	8586	55	0	55	6479	6433	46	2143	2132	11	45	45	0	3158.6315789473683	4035	5349	3	12.5	19	E. faecium #1	#9A6324	brown
Efm_1	E. faecium	19	2900000	55100000	7332	7296	36	0	36	5382	5353	29	1934	1925	9	39	39	0	2373.2690058479534	3192	5310	3	12.5	19	E. faecium #1	#9A6324	brown
Efm_1	E. faecium	19	2900000	55100000	8916	8860	56	0	56	6627	6581	46	2276	2264	12	38	38	0	3241.4269005847955	4038	5328	2	12.5	19	E. faecium #1	#9A6324	brown
Efm_1	E. faecium	19	2900000	55100000	8878	8810	68	0	68	6633	6575	58	2228	2213	15	43	43	0	3066.5497076023394	3741	5353	3	12.5	19	E. faecium #1	#9A6324	brown
Efm_1	E. faecium	19	2900000	55100000	8778	8709	69	0	69	6587	6528	59	2179	2164	15	39	39	0	3156.625730994152	3999	5337	3	12.5	19	E. faecium #1	#9A6324	brown
Efm_1	E. faecium	19	2900000	55100000	7030	6995	35	0	35	5208	5180	28	1810	1803	7	35	35	0	2984.058479532164	3903	4848	3	12.5	19	E. faecium #1	#9A6324	brown
Efm_1	E. faecium	19	2900000	55100000	8752	8684	68	0	68	6571	6513	58	2166	2151	15	41	41	0	3314.970760233918	4252	5348	3	12.5	19	E. faecium #1	#9A6324	brown
Efm_1	E. faecium	19	2900000	55100000	11739	11638	101	0	101	8816	8729	87	2905	2876	29	49	49	0	3472.3567251461986	3882	8087	6	12.5	19	E. faecium #1	#9A6324	brown
Efm_1	E. faecium	19	2900000	55100000	8800	8734	66	0	66	6568	6512	56	2215	2202	13	45	45	0	3036.7894736842104	3894	5362	4	12.5	19	E. faecium #1	#9A6324	brown
Efm_1	E. faecium	38	2900000	110200000	9089	9019	70	0	70	6690	6632	58	2376	2359	17	49	49	0	3065.7354196301567	3936	5349	4	25	38	E. faecium #1	#9A6324	brown
Efm_1	E. faecium	38	2900000	110200000	12632	12525	107	0	107	9276	9187	89	3321	3288	33	67	67	0	3250.5305832147938	3908	8107	6	25	38	E. faecium #1	#9A6324	brown
Efm_1	E. faecium	38	2900000	110200000	9053	8982	71	0	71	6665	6606	59	2362	2345	17	54	54	0	2815.3698435277383	3700	5328	3	25	38	E. faecium #1	#9A6324	brown
Efm_1	E. faecium	38	2900000	110200000	9455	9381	74	0	74	6860	6799	61	2573	2555	18	50	50	0	3031.633001422475	3900	5340	3	25	38	E. faecium #1	#9A6324	brown
Efm_1	E. faecium	38	2900000	110200000	9269	9199	70	0	70	6786	6726	60	2458	2443	15	51	51	0	2982.927453769559	3706	5353	4	25	38	E. faecium #1	#9A6324	brown
Efm_1	E. faecium	38	2900000	110200000	9056	8985	71	0	71	6680	6620	60	2356	2339	17	47	47	0	2967.157894736842	3473	5337	4	25	38	E. faecium #1	#9A6324	brown
Efm_1	E. faecium	38	2900000	110200000	7973	7924	49	0	49	5720	5679	41	2228	2217	11	51	51	0	2851.0056899004267	3685	4848	3	25	38	E. faecium #1	#9A6324	brown
Efm_1	E. faecium	38	2900000	110200000	9274	9202	72	0	72	6764	6705	59	2481	2463	18	55	55	0	3003.5049786628733	3888	5362	4	25	38	E. faecium #1	#9A6324	brown
Efm_1	E. faecium	38	2900000	110200000	12860	12755	105	0	105	9388	9300	88	3441	3409	32	62	62	0	3165.6187766714083	3806	8102	7	25	38	E. faecium #1	#9A6324	brown
Efm_1	E. faecium	38	2900000	110200000	9343	9270	73	0	73	6821	6760	61	2494	2477	17	56	56	0	2804.837837837838	3440	5362	4	25	38	E. faecium #1	#9A6324	brown
Efm_1	E. faecium	76	2900000	220400000	9825	9754	71	0	71	6982	6923	59	2804	2787	17	66	66	0	2966.0319298245613	3724.5	5364	4	50	76	E. faecium #1	#9A6324	brown
Efm_1	E. faecium	76	2900000	220400000	13196	13084	112	0	112	9437	9346	91	3710	3672	38	81	81	0	3039.7842105263157	3840.5	8107	6	50	76	E. faecium #1	#9A6324	brown
Efm_1	E. faecium	76	2900000	220400000	13173	13061	112	0	112	9468	9375	93	3652	3615	37	84	84	0	3103.201052631579	3883	8105	6	50	76	E. faecium #1	#9A6324	brown
Efm_1	E. faecium	76	2900000	220400000	13446	13334	112	0	112	9566	9474	92	3835	3799	36	77	77	0	3085.641052631579	3875.5	8107	8	50	76	E. faecium #1	#9A6324	brown
Efm_1	E. faecium	76	2900000	220400000	9832	9759	73	0	73	6985	6924	61	2812	2795	17	63	63	0	2912.9487719298245	3739	5363	4	50	76	E. faecium #1	#9A6324	brown
Efm_1	E. faecium	76	2900000	220400000	9791	9717	74	0	74	6946	6885	61	2804	2785	19	69	69	0	2939.4964912280702	3721	5362	4	50	76	E. faecium #1	#9A6324	brown
Efm_1	E. faecium	76	2900000	220400000	9779	9705	74	0	74	6940	6878	62	2798	2780	18	69	69	0	3062.0024561403507	3884	5364	3	50	76	E. faecium #1	#9A6324	brown
Efm_1	E. faecium	76	2900000	220400000	13313	13203	110	0	110	9508	9418	90	3754	3718	36	82	82	0	3069.0894736842106	3914.5	8105	7	50	76	E. faecium #1	#9A6324	brown
Efm_1	E. faecium	76	2900000	220400000	13401	13291	110	0	110	9563	9472	91	3785	3750	35	84	84	0	3071.341052631579	3755	8102	7	50	76	E. faecium #1	#9A6324	brown
Efm_1	E. faecium	76	2900000	220400000	10021	9947	74	0	74	7047	6986	61	2930	2912	18	74	74	0	2934.016842105263	3539	5362	5	50	76	E. faecium #1	#9A6324	brown
Efm_1	E. faecium	114	2900000	330600000	13739	13624	115	0	115	9652	9560	92	4020	3980	40	99	99	0	2983.361124049061	3741	8105	8	75	114	E. faecium #1	#9A6324	brown
Efm_1	E. faecium	114	2900000	330600000	13725	13608	117	0	117	9643	9550	93	4015	3973	42	99	99	0	3014.587796925943	3725	8107	7	75	114	E. faecium #1	#9A6324	brown
Efm_1	E. faecium	114	2900000	330600000	13551	13438	113	0	113	9581	9487	94	3911	3874	37	90	90	0	3011.6126377891633	3729	8107	6	75	114	E. faecium #1	#9A6324	brown
Efm_1	E. faecium	114	2900000	330600000	13769	13653	116	0	116	9639	9546	93	4064	4024	40	98	98	0	3026.5579878900794	3776	8107	8	75	114	E. faecium #1	#9A6324	brown
Efm_1	E. faecium	114	2900000	330600000	10262	10187	75	0	75	7117	7056	61	3093	3074	19	81	81	0	2969.170625679242	3740	5364	5	75	114	E. faecium #1	#9A6324	brown
Efm_1	E. faecium	114	2900000	330600000	13763	13648	115	0	115	9688	9595	93	4013	3974	39	93	93	0	3016.14267970812	3769	8105	7	75	114	E. faecium #1	#9A6324	brown
Efm_1	E. faecium	114	2900000	330600000	13790	13675	115	0	115	9676	9583	93	4049	4010	39	97	97	0	3047.208352740258	3800	8107	8	75	114	E. faecium #1	#9A6324	brown
Efm_1	E. faecium	114	2900000	330600000	13699	13587	112	0	112	9636	9545	91	3999	3962	37	95	95	0	3040.1136469492317	3778	8105	7	75	114	E. faecium #1	#9A6324	brown
Efm_1	E. faecium	114	2900000	330600000	13667	13555	112	0	112	9631	9540	91	3974	3937	37	93	93	0	2972.6084458934947	3736	8107	7	75	114	E. faecium #1	#9A6324	brown
Efm_1	E. faecium	114	2900000	330600000	13813	13696	117	0	117	9701	9607	94	4045	4004	41	99	99	0	2974.34777208508	3623	8107	8	75	114	E. faecium #1	#9A6324	brown
Efs_1	E. faecalis	2	2900000	5800000	16201	16201	0	0	0	13002	13002	0	2955	2955	0	31	31	0	16201	16201	16201	10	1	2	E. faecalis #1	#bfef45	Lime
Efs_1	E. faecalis	2	2900000	5800000	16198	16198	0	0	0	13001	13001	0	2956	2956	0	30	30	0	16198	16198	16198	10	1	2	E. faecalis #1	#bfef45	Lime
Efs_1	E. faecalis	2	2900000	5800000	41	41	0	0	0	9	9	0	31	31	0	1	1	0	41	41	41	0	1	2	E. faecalis #1	#bfef45	Lime
Efs_1	E. faecalis	2	2900000	5800000	57	57	0	0	0	35	35	0	21	21	0	1	1	0	57	57	57	0	1	2	E. faecalis #1	#bfef45	Lime
Efs_1	E. faecalis	2	2900000	5800000	16401	16401	0	0	0	13174	13174	0	3071	3071	0	31	31	0	16401	16401	16401	8	1	2	E. faecalis #1	#bfef45	Lime
Efs_1	E. faecalis	2	2900000	5800000	12992	12992	0	0	0	10215	10215	0	2558	2558	0	22	22	0	12992	12992	12992	3	1	2	E. faecalis #1	#bfef45	Lime
Efs_1	E. faecalis	2	2900000	5800000	16405	16405	0	0	0	13185	13185	0	3064	3064	0	29	29	0	16405	16405	16405	8	1	2	E. faecalis #1	#bfef45	Lime
Efs_1	E. faecalis	2	2900000	5800000	16242	16242	0	0	0	13060	13060	0	2941	2941	0	32	32	0	16242	16242	16242	10	1	2	E. faecalis #1	#bfef45	Lime
Efs_1	E. faecalis	2	2900000	5800000	12995	12995	0	0	0	10221	10221	0	2557	2557	0	21	21	0	12995	12995	12995	3	1	2	E. faecalis #1	#bfef45	Lime
Efs_1	E. faecalis	2	2900000	5800000	17484	17484	0	0	0	13991	13991	0	3303	3303	0	33	33	0	17484	17484	17484	9	1	2	E. faecalis #1	#bfef45	Lime
Efs_1	E. faecalis	4	2900000	11600000	16262	16262	0	0	0	13034	13034	0	2984	2984	0	31	31	0	8102.666666666667	8075.5	16201	10	2.5	4	E. faecalis #1	#bfef45	Lime
Efs_1	E. faecalis	4	2900000	11600000	16258	16258	0	0	0	13037	13037	0	2980	2980	0	30	30	0	8131.166666666667	8140.5	16214	10	2.5	4	E. faecalis #1	#bfef45	Lime
Efs_1	E. faecalis	4	2900000	11600000	86	86	0	0	0	43	43	0	42	42	0	1	1	0	41.666666666666664	41.5	72	0	2.5	4	E. faecalis #1	#bfef45	Lime
Efs_1	E. faecalis	4	2900000	11600000	74	74	0	0	0	39	39	0	33	33	0	2	2	0	37.333333333333336	35	67	0	2.5	4	E. faecalis #1	#bfef45	Lime
Efs_1	E. faecalis	4	2900000	11600000	16478	16478	0	0	0	13215	13215	0	3104	3104	0	32	32	0	8236.833333333334	8237.5	16444	8	2.5	4	E. faecalis #1	#bfef45	Lime
Efs_1	E. faecalis	4	2900000	11600000	13009	13009	0	0	0	10224	10224	0	2567	2567	0	22	22	0	6500.333333333333	6500	12992	3	2.5	4	E. faecalis #1	#bfef45	Lime
Efs_1	E. faecalis	4	2900000	11600000	16443	16443	0	0	0	13196	13196	0	3090	3090	0	30	30	0	8226.5	8227	16405	8	2.5	4	E. faecalis #1	#bfef45	Lime
Efs_1	E. faecalis	4	2900000	11600000	16302	16301	1	0	1	13079	13078	1	2980	2979	1	33	33	0	8157.333333333333	8167.5	16242	10	2.5	4	E. faecalis #1	#bfef45	Lime
Efs_1	E. faecalis	4	2900000	11600000	13066	13066	0	0	0	10264	10264	0	2585	2585	0	21	21	0	6495.166666666667	6449.5	12995	3	2.5	4	E. faecalis #1	#bfef45	Lime
Efs_1	E. faecalis	4	2900000	11600000	17561	17560	1	0	1	14021	14020	1	3344	3343	1	37	37	0	8775.166666666666	8776.5	17509	9	2.5	4	E. faecalis #1	#bfef45	Lime
Efs_1	E. faecalis	8	2900000	23200000	16315	16315	0	0	0	13052	13052	0	3017	3017	0	34	34	0	6961.357142857143	79	16230	10	5	8	E. faecalis #1	#bfef45	Lime
Efs_1	E. faecalis	8	2900000	23200000	16379	16379	0	0	0	13107	13107	0	3028	3028	0	33	33	0	6982.607142857143	81.5	16267	10	5	8	E. faecalis #1	#bfef45	Lime
Efs_1	E. faecalis	8	2900000	23200000	17582	17581	1	0	1	14029	14028	1	3357	3356	1	36	36	0	4388.142857142857	45	17496	9	5	8	E. faecalis #1	#bfef45	Lime
Efs_1	E. faecalis	8	2900000	23200000	16326	16325	1	0	1	13079	13078	1	3003	3003	0	32	32	0	4091.964285714286	56	16264	10	5	8	E. faecalis #1	#bfef45	Lime
Efs_1	E. faecalis	8	2900000	23200000	16553	16553	0	0	0	13244	13244	0	3147	3147	0	34	34	0	4148.821428571428	75.5	16449	8	5	8	E. faecalis #1	#bfef45	Lime
Efs_1	E. faecalis	8	2900000	23200000	23921	23857	64	0	64	18951	18894	57	4582	4567	15	47	47	0	6912.535714285715	23.5	17893	12	5	8	E. faecalis #1	#bfef45	Lime
Efs_1	E. faecalis	8	2900000	23200000	27037	26939	98	0	98	21671	21587	84	5019	4996	23	53	53	0	7741.392857142857	84.5	20148	15	5	8	E. faecalis #1	#bfef45	Lime
Efs_1	E. faecalis	8	2900000	23200000	16358	16357	1	0	1	13100	13099	1	3013	3012	1	36	36	0	4108.821428571428	75.5	16263	10	5	8	E. faecalis #1	#bfef45	Lime
Efs_1	E. faecalis	8	2900000	23200000	13105	13105	0	0	0	10272	10272	0	2614	2614	0	23	23	0	3267.8214285714284	54	12996	3	5	8	E. faecalis #1	#bfef45	Lime
Efs_1	E. faecalis	8	2900000	23200000	17658	17657	1	0	1	14063	14062	1	3399	3398	1	37	37	0	4426.928571428572	79.5	17509	9	5	8	E. faecalis #1	#bfef45	Lime
Efs_1	E. faecalis	12	2900000	34800000	27957	27846	111	0	111	22236	22139	97	5332	5308	24	66	65	1	10789.257575757576	16201.5	20484	16	7.5	12	E. faecalis #1	#bfef45	Lime
Efs_1	E. faecalis	12	2900000	34800000	27110	27012	98	0	98	21692	21608	84	5068	5045	23	53	53	0	7309.909090909091	103	20498	15	7.5	12	E. faecalis #1	#bfef45	Lime
Efs_1	E. faecalis	12	2900000	34800000	25543	25452	91	0	91	20186	20109	77	4998	4979	19	46	46	0	4923.469696969697	70.5	19838	11	7.5	12	E. faecalis #1	#bfef45	Lime
Efs_1	E. faecalis	12	2900000	34800000	16365	16364	1	0	1	13091	13090	1	3030	3030	0	32	32	0	4940.924242424242	55.5	16269	10	7.5	12	E. faecalis #1	#bfef45	Lime
Efs_1	E. faecalis	12	2900000	34800000	24983	24897	86	0	86	19738	19664	74	4898	4880	18	47	47	0	6381.621212121212	84.5	19672	10	7.5	12	E. faecalis #1	#bfef45	Lime
Efs_1	E. faecalis	12	2900000	34800000	23952	23888	64	0	64	18960	18903	57	4601	4586	15	48	48	0	4716.984848484848	28	17893	12	7.5	12	E. faecalis #1	#bfef45	Lime
Efs_1	E. faecalis	12	2900000	34800000	27066	26967	99	0	99	21679	21594	85	5040	5016	24	53	53	0	5279.590909090909	74	20148	15	7.5	12	E. faecalis #1	#bfef45	Lime
Efs_1	E. faecalis	12	2900000	34800000	16455	16454	1	0	1	13127	13126	1	3080	3079	1	39	39	0	4964.378787878788	77	16263	10	7.5	12	E. faecalis #1	#bfef45	Lime
Efs_1	E. faecalis	12	2900000	34800000	24969	24886	83	0	83	19734	19663	71	4890	4873	17	45	45	0	8311.212121212122	12806.5	19659	11	7.5	12	E. faecalis #1	#bfef45	Lime
Efs_1	E. faecalis	12	2900000	34800000	27831	27722	109	0	109	22191	22096	95	5266	5243	23	57	57	0	5458.151515151515	77.5	20471	16	7.5	12	E. faecalis #1	#bfef45	Lime
Efs_1	E. faecalis	16	2900000	46400000	33968	33779	189	0	189	26715	26550	165	6737	6696	41	78	77	1	10853.016666666666	16046.5	20484	19	10	16	E. faecalis #1	#bfef45	Lime
Efs_1	E. faecalis	16	2900000	46400000	27183	27085	98	0	98	21714	21630	84	5113	5090	23	57	57	0	7050.391666666666	82.5	20498	15	10	16	E. faecalis #1	#bfef45	Lime
Efs_1	E. faecalis	16	2900000	46400000	25556	25465	91	0	91	20192	20115	77	5005	4986	19	46	46	0	3735.5666666666666	50.5	19838	11	10	16	E. faecalis #1	#bfef45	Lime
Efs_1	E. faecalis	16	2900000	46400000	33097	32923	174	0	174	26200	26048	152	6424	6386	38	62	62	0	6989.533333333334	64	20223	16	10	16	E. faecalis #1	#bfef45	Lime
Efs_1	E. faecalis	16	2900000	46400000	33847	33658	189	0	189	26671	26506	165	6665	6624	41	73	73	0	8272.966666666667	12779.5	20458	18	10	16	E. faecalis #1	#bfef45	Lime
Efs_1	E. faecalis	16	2900000	46400000	23998	23934	64	0	64	18977	18920	57	4628	4613	15	49	49	0	5248.533333333334	50.5	17897	12	10	16	E. faecalis #1	#bfef45	Lime
Efs_1	E. faecalis	16	2900000	46400000	27170	27071	99	0	99	21705	21620	85	5112	5088	24	60	60	0	5659.925	76.5	20151	15	10	16	E. faecalis #1	#bfef45	Lime
Efs_1	E. faecalis	16	2900000	46400000	24032	23966	66	0	66	18966	18908	58	4674	4657	17	56	56	0	6646.258333333333	102.5	17854	13	10	16	E. faecalis #1	#bfef45	Lime
Efs_1	E. faecalis	16	2900000	46400000	25877	25784	93	0	93	20330	20252	78	5177	5157	20	52	52	0	8942.191666666668	12905	19983	12	10	16	E. faecalis #1	#bfef45	Lime
Efs_1	E. faecalis	16	2900000	46400000	33881	33691	190	0	190	26684	26520	164	6703	6661	42	72	71	1	7272.55	83	20489	19	10	16	E. faecalis #1	#bfef45	Lime
Efs_1	E. faecalis	20	2900000	58000000	34011	33821	190	0	190	26729	26564	165	6765	6723	42	79	78	1	9176.405263157894	12913	20484	19	12.5	20	E. faecalis #1	#bfef45	Lime
Efs_1	E. faecalis	20	2900000	58000000	27265	27164	101	0	101	21746	21661	85	5158	5133	25	61	61	0	5837.210526315789	77.5	20498	15	12.5	20	E. faecalis #1	#bfef45	Lime
Efs_1	E. faecalis	20	2900000	58000000	25677	25584	93	0	93	20235	20156	79	5075	5054	21	49	49	0	4430.236842105263	71	19838	12	12.5	20	E. faecalis #1	#bfef45	Lime
Efs_1	E. faecalis	20	2900000	58000000	33151	32977	174	0	174	26217	26065	152	6459	6421	38	63	63	0	5721.952631578947	52.5	20223	16	12.5	20	E. faecalis #1	#bfef45	Lime
Efs_1	E. faecalis	20	2900000	58000000	33869	33680	189	0	189	26682	26517	165	6675	6634	41	74	74	0	6833.268421052631	79	20458	18	12.5	20	E. faecalis #1	#bfef45	Lime
Efs_1	E. faecalis	20	2900000	58000000	33236	33062	174	0	174	26265	26113	152	6480	6442	38	70	70	0	5740.073684210526	56	20189	17	12.5	20	E. faecalis #1	#bfef45	Lime
Efs_1	E. faecalis	20	2900000	58000000	27206	27107	99	0	99	21710	21625	85	5141	5117	24	60	60	0	4618.5684210526315	73	20151	15	12.5	20	E. faecalis #1	#bfef45	Lime
Efs_1	E. faecalis	20	2900000	58000000	33912	33726	186	0	186	26717	26556	161	6694	6653	41	76	75	1	7979.4315789473685	122.5	20570	19	12.5	20	E. faecalis #1	#bfef45	Lime
Efs_1	E. faecalis	20	2900000	58000000	25922	25828	94	0	94	20342	20263	79	5206	5186	20	55	55	0	9286.726315789474	12920	19983	12	12.5	20	E. faecalis #1	#bfef45	Lime
Efs_1	E. faecalis	20	2900000	58000000	33907	33717	190	0	190	26690	26526	164	6722	6680	42	73	72	1	5948.515789473684	73.5	20489	19	12.5	20	E. faecalis #1	#bfef45	Lime
Efs_1	E. faecalis	39	2900000	113100000	34189	33997	192	0	192	26795	26629	166	6871	6828	43	81	80	1	6191.715249662618	75	20484	19	25	39	E. faecalis #1	#bfef45	Lime
Efs_1	E. faecalis	39	2900000	113100000	33538	33358	180	0	180	26368	26214	154	6662	6619	43	83	83	0	5627.927125506073	75	20498	18	25	39	E. faecalis #1	#bfef45	Lime
Efs_1	E. faecalis	39	2900000	113100000	33994	33807	187	0	187	26756	26594	162	6721	6679	42	76	76	0	4439.669365721998	69	20553	19	25	39	E. faecalis #1	#bfef45	Lime
Efs_1	E. faecalis	39	2900000	113100000	33413	33236	177	0	177	26291	26137	154	6633	6594	39	72	72	0	5826.346828609987	58	20224	17	25	39	E. faecalis #1	#bfef45	Lime
Efs_1	E. faecalis	39	2900000	113100000	34113	33924	189	0	189	26784	26619	165	6809	6768	41	79	79	0	7019.331983805668	82	20569	18	25	39	E. faecalis #1	#bfef45	Lime
Efs_1	E. faecalis	39	2900000	113100000	33446	33268	178	0	178	26324	26169	155	6625	6585	40	71	71	0	5620.329284750337	58	20231	17	25	39	E. faecalis #1	#bfef45	Lime
Efs_1	E. faecalis	39	2900000	113100000	27365	27264	101	0	101	21754	21667	87	5248	5224	24	66	66	0	4639.925775978408	72	20174	15	25	39	E. faecalis #1	#bfef45	Lime
Efs_1	E. faecalis	39	2900000	113100000	34223	34035	188	0	188	26821	26658	163	6873	6832	41	87	86	1	7006.61673414305	81	20570	19	25	39	E. faecalis #1	#bfef45	Lime
Efs_1	E. faecalis	39	2900000	113100000	34139	33948	191	0	191	26765	26600	165	6852	6810	42	80	79	1	6789.599190283401	82	20487	19	25	39	E. faecalis #1	#bfef45	Lime
Efs_1	E. faecalis	39	2900000	113100000	34195	34003	192	0	192	26803	26639	164	6872	6828	44	86	85	1	5316.201079622132	72	20886	19	25	39	E. faecalis #1	#bfef45	Lime
Efs_1	E. faecalis	78	2900000	226200000	34632	34438	194	0	194	26953	26786	167	7140	7097	43	93	92	1	6018.789210789211	76	20553	20	50	78	E. faecalis #1	#bfef45	Lime
Efs_1	E. faecalis	78	2900000	226200000	33876	33694	182	0	182	26467	26311	156	6885	6842	43	95	95	0	6194.9047619047615	79	20527	19	50	78	E. faecalis #1	#bfef45	Lime
Efs_1	E. faecalis	78	2900000	226200000	34418	34226	192	0	192	26878	26712	166	7002	6958	44	92	91	1	4827.666333666333	65	20573	19	50	78	E. faecalis #1	#bfef45	Lime
Efs_1	E. faecalis	78	2900000	226200000	34462	34269	193	0	193	26883	26716	167	7041	6998	43	91	91	0	5696.921411921412	64	20861	19	50	78	E. faecalis #1	#bfef45	Lime
Efs_1	E. faecalis	78	2900000	226200000	34619	34424	195	0	195	26929	26761	168	7149	7105	44	96	95	1	5519.432567432567	73	20886	18	50	78	E. faecalis #1	#bfef45	Lime
Efs_1	E. faecalis	78	2900000	226200000	34620	34424	196	0	196	26944	26777	167	7129	7084	45	95	95	0	6290.1042291042295	74	20861	20	50	78	E. faecalis #1	#bfef45	Lime
Efs_1	E. faecalis	78	2900000	226200000	34469	34275	194	0	194	26879	26712	167	7041	6996	45	97	97	0	5764.72027972028	75	20861	19	50	78	E. faecalis #1	#bfef45	Lime
Efs_1	E. faecalis	78	2900000	226200000	34590	34398	192	0	192	26920	26755	165	7118	7075	43	103	102	1	4872.1345321345325	71	20891	19	50	78	E. faecalis #1	#bfef45	Lime
Efs_1	E. faecalis	78	2900000	226200000	34556	34360	196	0	196	26924	26755	169	7091	7046	45	96	95	1	7142.862137862138	84	20539	19	50	78	E. faecalis #1	#bfef45	Lime
Efs_1	E. faecalis	78	2900000	226200000	34688	34492	196	0	196	26976	26808	168	7161	7117	44	100	99	1	6186.700632700633	75	20886	20	50	78	E. faecalis #1	#bfef45	Lime
Efs_1	E. faecalis	118	2900000	342200000	34823	34626	197	0	197	27013	26844	169	7258	7213	45	102	101	1	5210.292046936115	71	20570	20	75	118	E. faecalis #1	#bfef45	Lime
Efs_1	E. faecalis	118	2900000	342200000	34926	34731	195	0	195	27038	26872	166	7322	7277	45	111	110	1	6011.346516007533	75	20891	20	75	118	E. faecalis #1	#bfef45	Lime
Efs_1	E. faecalis	118	2900000	342200000	34772	34577	195	0	195	26981	26812	169	7232	7187	45	107	106	1	5096.6205997392435	68	20573	20	75	118	E. faecalis #1	#bfef45	Lime
Efs_1	E. faecalis	118	2900000	342200000	34885	34686	199	0	199	27016	26846	170	7308	7261	47	110	109	1	6074.723598435463	71	20891	19	75	118	E. faecalis #1	#bfef45	Lime
Efs_1	E. faecalis	118	2900000	342200000	34913	34714	199	0	199	27026	26855	171	7322	7276	46	114	113	1	6314.915978560046	76	20891	20	75	118	E. faecalis #1	#bfef45	Lime
Efs_1	E. faecalis	118	2900000	342200000	34937	34739	198	0	198	27044	26875	169	7327	7281	46	111	110	1	5474.704041720991	70	20886	20	75	118	E. faecalis #1	#bfef45	Lime
Efs_1	E. faecalis	118	2900000	342200000	34693	34497	196	0	196	26947	26779	168	7189	7143	46	103	103	0	5700.418803418804	73	20861	19	75	118	E. faecalis #1	#bfef45	Lime
Efs_1	E. faecalis	118	2900000	342200000	34959	34764	195	0	195	27045	26878	167	7343	7299	44	116	115	1	6444.08547008547	75	20891	20	75	118	E. faecalis #1	#bfef45	Lime
Efs_1	E. faecalis	118	2900000	342200000	34781	34583	198	0	198	26994	26824	170	7228	7181	47	107	106	1	5871.510502679994	74	20891	19	75	118	E. faecalis #1	#bfef45	Lime
Efs_1	E. faecalis	118	2900000	342200000	34968	34770	198	0	198	27052	26883	169	7351	7305	46	110	109	1	6414.323917137476	75	20891	20	75	118	E. faecalis #1	#bfef45	Lime
Sm_1	S. maltophilia	4	4850000	19400000	21253	21253	0	0	0	17030	17030	0	4950	4950	0	59	59	0	10544	10488	21026	7046	2.5	4	S. maltophilia #1	#aaffc3	mint
Sm_1	S. maltophilia	4	4850000	19400000	28390	28272	118	0	118	22384	22276	108	6962	6943	19	73	73	0	14736.166666666666	16704.5	21313	9010	2.5	4	S. maltophilia #1	#aaffc3	mint
Sm_1	S. maltophilia	4	4850000	19400000	19524	19521	3	0	3	15487	15484	3	4713	4713	0	50	50	0	9738.666666666666	9778	19298	6485	2.5	4	S. maltophilia #1	#aaffc3	mint
Sm_1	S. maltophilia	4	4850000	19400000	14489	14489	0	0	0	11840	11840	0	3157	3157	0	30	30	0	7007	6513	14380	5051	2.5	4	S. maltophilia #1	#aaffc3	mint
Sm_1	S. maltophilia	4	4850000	19400000	4569	4569	0	0	0	3497	3497	0	1211	1211	0	9	9	0	2293.6666666666665	2311	4510	1406	2.5	4	S. maltophilia #1	#aaffc3	mint
Sm_1	S. maltophilia	4	4850000	19400000	17162	17115	47	0	47	14065	14023	42	3711	3700	11	40	40	0	9590.5	10056.5	13913	5819	2.5	4	S. maltophilia #1	#aaffc3	mint
Sm_1	S. maltophilia	4	4850000	19400000	29553	29404	149	0	149	23661	23527	134	6943	6915	28	46	46	0	15489.666666666666	16949.5	20746	9726	2.5	4	S. maltophilia #1	#aaffc3	mint
Sm_1	S. maltophilia	4	4850000	19400000	36341	36099	242	0	242	28961	28738	223	8628	8592	36	95	94	1	18518.333333333332	18906.5	26251	11528	2.5	4	S. maltophilia #1	#aaffc3	mint
Sm_1	S. maltophilia	4	4850000	19400000	29252	29115	137	0	137	23262	23134	128	6997	6979	18	65	65	0	15439.833333333334	17628	22118	9491	2.5	4	S. maltophilia #1	#aaffc3	mint
Sm_1	S. maltophilia	4	4850000	19400000	16796	16793	3	0	3	13429	13426	3	3935	3934	1	32	32	0	7782.333333333333	7434.5	16226	5476	2.5	4	S. maltophilia #1	#aaffc3	mint
Sm_1	S. maltophilia	7	4850000	33950000	21406	21404	2	0	2	17100	17098	2	5034	5033	1	61	61	0	6108.285714285715	237	21026	7073	5	7	S. maltophilia #1	#aaffc3	mint
Sm_1	S. maltophilia	7	4850000	33950000	37444	37177	267	0	267	29362	29120	242	9375	9336	39	95	95	0	12622.619047619048	16417	23202	11710	5	7	S. maltophilia #1	#aaffc3	mint
Sm_1	S. maltophilia	7	4850000	33950000	35049	34840	209	0	209	27711	27517	194	8506	8472	34	90	90	0	11389.714285714286	13160	21047	10928	5	7	S. maltophilia #1	#aaffc3	mint
Sm_1	S. maltophilia	7	4850000	33950000	31457	31290	167	0	167	25121	24964	157	7376	7354	22	64	64	0	10078.57142857143	12802	22438	10165	5	7	S. maltophilia #1	#aaffc3	mint
Sm_1	S. maltophilia	7	4850000	33950000	19967	19934	33	0	33	15616	15585	31	5029	5025	4	37	37	0	6066.238095238095	4500	17819	6281	5	7	S. maltophilia #1	#aaffc3	mint
Sm_1	S. maltophilia	7	4850000	33950000	19757	19692	65	0	65	16026	15967	59	4429	4415	14	43	43	0	7108.380952380952	9622	14517	6535	5	7	S. maltophilia #1	#aaffc3	mint
Sm_1	S. maltophilia	7	4850000	33950000	49079	48598	479	2	481	38382	37939	443	12350	12279	71	98	98	0	16892.571428571428	19064	26677	15227	5	7	S. maltophilia #1	#aaffc3	mint
Sm_1	S. maltophilia	7	4850000	33950000	54131	53534	593	4	597	42092	41555	537	13830	13721	109	133	132	1	18290	17707	26682	16327	5	7	S. maltophilia #1	#aaffc3	mint
Sm_1	S. maltophilia	7	4850000	33950000	36236	35982	254	0	254	28777	28536	241	8690	8657	33	81	81	0	12358.47619047619	15820	22118	11642	5	7	S. maltophilia #1	#aaffc3	mint
Sm_1	S. maltophilia	7	4850000	33950000	32162	31962	200	0	200	25669	25482	187	7572	7543	29	60	60	0	10884.619047619048	14294	18604	10113	5	7	S. maltophilia #1	#aaffc3	mint
Sm_1	S. maltophilia	11	4850000	53350000	29888	29754	134	0	134	23928	23804	124	6971	6944	27	72	72	0	6189.727272727273	245	22224	9757	7.5	11	S. maltophilia #1	#aaffc3	mint
Sm_1	S. maltophilia	11	4850000	53350000	47939	47480	459	0	459	36997	36578	419	12565	12496	69	117	117	0	11388.872727272726	14767	23741	14346	7.5	11	S. maltophilia #1	#aaffc3	mint
Sm_1	S. maltophilia	11	4850000	53350000	40468	40164	303	1	304	31708	31427	281	10091	10043	48	105	105	0	10321.454545454546	12792	21263	12403	7.5	11	S. maltophilia #1	#aaffc3	mint
Sm_1	S. maltophilia	11	4850000	53350000	47365	46926	437	2	439	37101	36697	404	11818	11752	66	99	99	0	11182.90909090909	14944	23009	14326	7.5	11	S. maltophilia #1	#aaffc3	mint
Sm_1	S. maltophilia	11	4850000	53350000	27141	27040	101	0	101	21372	21280	92	6707	6690	17	50	50	0	5888.054545454545	233	17961	8610	7.5	11	S. maltophilia #1	#aaffc3	mint
Sm_1	S. maltophilia	11	4850000	53350000	42486	42120	364	2	366	33330	32990	340	10618	10564	54	81	81	0	11282.709090909091	13913	20346	13081	7.5	11	S. maltophilia #1	#aaffc3	mint
Sm_1	S. maltophilia	11	4850000	53350000	60783	60000	776	7	783	46949	46236	713	15853	15725	128	136	136	0	17630.81818181818	19560	27598	18278	7.5	11	S. maltophilia #1	#aaffc3	mint
Sm_1	S. maltophilia	11	4850000	53350000	67357	66430	916	11	927	51616	50772	844	17951	17792	159	163	161	2	17179.745454545453	17262	26682	19750	7.5	11	S. maltophilia #1	#aaffc3	mint
Sm_1	S. maltophilia	11	4850000	53350000	38593	38283	310	0	310	30597	30301	296	9308	9266	42	90	90	0	9636.218181818182	11112	22118	12184	7.5	11	S. maltophilia #1	#aaffc3	mint
Sm_1	S. maltophilia	11	4850000	53350000	49167	48691	474	2	476	38634	38199	435	12117	12039	78	106	106	0	12960.89090909091	14742	24091	14930	7.5	11	S. maltophilia #1	#aaffc3	mint
Sm_1	S. maltophilia	15	4850000	72750000	35199	34955	244	0	244	28134	27907	227	8243	8202	41	97	96	1	7163.961904761904	313	23240	11239	10	15	S. maltophilia #1	#aaffc3	mint
Sm_1	S. maltophilia	15	4850000	72750000	51155	50614	540	1	541	39547	39052	495	13319	13239	80	128	128	0	9660.42857142857	10485	23741	15097	10	15	S. maltophilia #1	#aaffc3	mint
Sm_1	S. maltophilia	15	4850000	72750000	49943	49468	470	5	475	38750	38311	439	12810	12735	75	120	120	0	10375.4	12792	23222	14819	10	15	S. maltophilia #1	#aaffc3	mint
Sm_1	S. maltophilia	15	4850000	72750000	52569	52014	552	3	555	40853	40340	513	13421	13335	86	116	116	0	11329.580952380953	14394	23734	15622	10	15	S. maltophilia #1	#aaffc3	mint
Sm_1	S. maltophilia	15	4850000	72750000	36192	35962	229	1	230	28299	28081	218	9139	9109	30	69	69	0	6408.571428571428	284	21629	11221	10	15	S. maltophilia #1	#aaffc3	mint
Sm_1	S. maltophilia	15	4850000	72750000	51124	50597	524	3	527	39520	39036	484	13333	13251	82	109	108	1	12475.085714285715	14401	21388	15330	10	15	S. maltophilia #1	#aaffc3	mint
Sm_1	S. maltophilia	15	4850000	72750000	60839	60055	777	7	784	46976	46263	713	15883	15754	129	136	136	0	14996.27619047619	14923	27598	18287	10	15	S. maltophilia #1	#aaffc3	mint
Sm_1	S. maltophilia	15	4850000	72750000	70956	69929	1015	12	1027	54268	53334	934	18999	18818	181	174	172	2	15617.019047619047	16266	26682	20684	10	15	S. maltophilia #1	#aaffc3	mint
Sm_1	S. maltophilia	15	4850000	72750000	41048	40713	335	0	335	32297	31980	317	10149	10102	47	95	95	0	9551.895238095238	11108	24639	12930	10	15	S. maltophilia #1	#aaffc3	mint
Sm_1	S. maltophilia	15	4850000	72750000	57861	57165	690	6	696	44855	44220	635	14860	14734	126	133	133	0	13506.819047619048	14560	24091	17039	10	15	S. maltophilia #1	#aaffc3	mint
Sm_1	S. maltophilia	19	4850000	92150000	42981	42604	376	1	377	33936	33586	350	10466	10404	62	118	117	1	7915.222222222223	9734	23240	13286	12.5	19	S. maltophilia #1	#aaffc3	mint
Sm_1	S. maltophilia	19	4850000	92150000	56850	56198	651	1	652	43806	43209	597	14942	14844	98	141	141	0	9185.713450292398	10471	23741	16704	12.5	19	S. maltophilia #1	#aaffc3	mint
Sm_1	S. maltophilia	19	4850000	92150000	70556	69517	1026	13	1039	54172	53230	942	18655	18476	179	179	179	0	12903.052631578947	14350	27598	20485	12.5	19	S. maltophilia #1	#aaffc3	mint
Sm_1	S. maltophilia	19	4850000	92150000	52673	52113	557	3	560	40902	40385	517	13476	13389	87	117	117	0	10363.122807017544	14386	23734	15631	12.5	19	S. maltophilia #1	#aaffc3	mint
Sm_1	S. maltophilia	19	4850000	92150000	48823	48394	425	4	429	37836	37435	401	12593	12529	64	94	94	0	7898.87134502924	4508	21629	14541	12.5	19	S. maltophilia #1	#aaffc3	mint
Sm_1	S. maltophilia	19	4850000	92150000	55263	54641	617	5	622	42648	42073	575	14448	14347	101	118	117	1	11245.865497076024	14224	21388	16349	12.5	19	S. maltophilia #1	#aaffc3	mint
Sm_1	S. maltophilia	19	4850000	92150000	78144	76905	1222	17	1239	59571	58442	1129	21135	20924	211	172	172	0	15715.842105263158	17223	27598	22524	12.5	19	S. maltophilia #1	#aaffc3	mint
Sm_1	S. maltophilia	19	4850000	92150000	74800	73662	1123	15	1138	57181	56145	1036	20040	19838	202	186	184	2	14429.690058479533	14977	26682	21578	12.5	19	S. maltophilia #1	#aaffc3	mint
Sm_1	S. maltophilia	19	4850000	92150000	44917	44503	412	2	414	35155	34770	385	11289	11225	64	102	101	1	8903.40350877193	11107	24639	13937	12.5	19	S. maltophilia #1	#aaffc3	mint
Sm_1	S. maltophilia	19	4850000	92150000	67723	66778	936	9	945	51852	50993	859	18020	17856	164	155	155	0	13860.04678362573	15159	24505	19495	12.5	19	S. maltophilia #1	#aaffc3	mint
Sm_1	S. maltophilia	37	4850000	179450000	59732	58991	735	6	741	46369	45687	682	15296	15173	123	150	149	1	7331.581081081081	4433.5	24715	17719	25	37	S. maltophilia #1	#aaffc3	mint
Sm_1	S. maltophilia	37	4850000	179450000	82947	81551	1383	13	1396	62630	61367	1263	22939	22694	245	207	206	1	11134.08858858859	14286	25552	23238	25	37	S. maltophilia #1	#aaffc3	mint
Sm_1	S. maltophilia	37	4850000	179450000	84395	82913	1459	23	1482	64166	62811	1355	22903	22645	258	216	216	0	11756.756756756757	14138.5	27598	23989	25	37	S. maltophilia #1	#aaffc3	mint
Sm_1	S. maltophilia	37	4850000	179450000	79155	77903	1237	15	1252	60240	59094	1146	21422	21213	209	193	193	0	9876.28978978979	14330	28226	22615	25	37	S. maltophilia #1	#aaffc3	mint
Sm_1	S. maltophilia	37	4850000	179450000	81796	80467	1316	13	1329	61854	60646	1208	22535	22302	233	184	184	0	11046.996996996997	13751.5	27626	23033	25	37	S. maltophilia #1	#aaffc3	mint
Sm_1	S. maltophilia	37	4850000	179450000	69412	68448	953	11	964	53084	52204	880	18576	18407	169	167	166	1	11118.054054054053	13596	26902	20059	25	37	S. maltophilia #1	#aaffc3	mint
Sm_1	S. maltophilia	37	4850000	179450000	87330	85789	1522	19	1541	66099	64694	1405	24020	23754	266	208	205	3	13553.533033033033	15837	27598	24623	25	37	S. maltophilia #1	#aaffc3	mint
Sm_1	S. maltophilia	37	4850000	179450000	97925	96033	1860	32	1892	73587	71877	1710	27414	27065	349	239	236	3	13009.207207207208	14891	27598	27065	25	37	S. maltophilia #1	#aaffc3	mint
Sm_1	S. maltophilia	37	4850000	179450000	76238	75001	1223	14	1237	58316	57184	1132	20401	20181	220	187	185	2	10830.309309309308	14220.5	26651	21976	25	37	S. maltophilia #1	#aaffc3	mint
Sm_1	S. maltophilia	37	4850000	179450000	78055	76841	1201	13	1214	59212	58106	1106	21300	21095	205	182	180	2	11810.039039039038	14966.5	24505	22111	25	37	S. maltophilia #1	#aaffc3	mint
Sm_1	S. maltophilia	74	4850000	358900000	101265	99180	2048	37	2085	75639	73751	1888	28794	28402	392	258	254	4	10715.128100703443	13687	28226	27678	50	74	S. maltophilia #1	#aaffc3	mint
Sm_1	S. maltophilia	74	4850000	358900000	98528	96595	1901	32	1933	73398	71655	1743	28179	27818	361	254	253	1	10493.703813402444	13447	25552	26907	50	74	S. maltophilia #1	#aaffc3	mint
Sm_1	S. maltophilia	74	4850000	358900000	106568	104255	2273	40	2313	79429	77349	2080	30485	30050	435	263	260	3	11008.272491669752	13852	27598	28889	50	74	S. maltophilia #1	#aaffc3	mint
Sm_1	S. maltophilia	74	4850000	358900000	101692	99668	1991	33	2024	75891	74067	1824	28984	28615	369	251	246	5	10085.277674935209	14007	28226	27753	50	74	S. maltophilia #1	#aaffc3	mint
Sm_1	S. maltophilia	74	4850000	358900000	102232	100163	2040	29	2069	76161	74314	1847	29243	28833	410	246	243	3	12207.153646797482	14352	27626	27798	50	74	S. maltophilia #1	#aaffc3	mint
Sm_1	S. maltophilia	74	4850000	358900000	103941	101771	2135	35	2170	77293	75352	1941	29890	29467	423	263	259	4	11558.165494261384	14225	28842	28244	50	74	S. maltophilia #1	#aaffc3	mint
Sm_1	S. maltophilia	74	4850000	358900000	100284	98272	1980	32	2012	74523	72711	1812	28936	28559	377	257	253	4	10934.890040725657	14194	27598	27385	50	74	S. maltophilia #1	#aaffc3	mint
Sm_1	S. maltophilia	74	4850000	358900000	120331	117441	2838	52	2890	88875	86284	2591	35158	34596	562	297	291	6	12441.38059977786	14719	28842	31894	50	74	S. maltophilia #1	#aaffc3	mint
Sm_1	S. maltophilia	74	4850000	358900000	99217	97168	2014	35	2049	74389	72527	1862	27962	27588	374	246	242	4	9961.10181414291	13623	28079	27294	50	74	S. maltophilia #1	#aaffc3	mint
Sm_1	S. maltophilia	74	4850000	358900000	108203	105897	2267	39	2306	80333	78263	2070	31226	30783	443	271	267	4	12464.28841169937	14878	28079	29281	50	74	S. maltophilia #1	#aaffc3	mint
Sm_1	S. maltophilia	112	4850000	543200000	116120	113457	2612	51	2663	85680	83291	2389	33979	33454	525	303	298	5	11645.22989060489	14390	28842	30902	75	112	S. maltophilia #1	#aaffc3	mint
Sm_1	S. maltophilia	112	4850000	543200000	116435	113765	2616	54	2670	85859	83469	2390	34133	33605	528	306	303	3	11735.312097812097	14362.5	28226	30998	75	112	S. maltophilia #1	#aaffc3	mint
Sm_1	S. maltophilia	112	4850000	543200000	114538	111887	2598	53	2651	84592	82217	2375	33481	32959	522	298	294	4	11225.249517374517	14150	27598	30510	75	112	S. maltophilia #1	#aaffc3	mint
Sm_1	S. maltophilia	112	4850000	543200000	119046	116268	2726	52	2778	87684	85205	2479	35026	34475	551	307	302	5	10985.075933075934	14323.5	28842	31554	75	112	S. maltophilia #1	#aaffc3	mint
Sm_1	S. maltophilia	112	4850000	543200000	111210	108724	2444	42	2486	82168	79942	2226	32454	31966	488	292	287	5	11764.642052767053	14346	28842	29713	75	112	S. maltophilia #1	#aaffc3	mint
Lc_1	L. crispatus	0	2040000	0	0	0	0	0	0	0	0	0	0	0	0	0	0	0	NaN	NA	-Inf	0	1	0	L. crispatus #1	#f032e6	magenta
Lc_1	L. crispatus	0	2040000	0	0	0	0	0	0	0	0	0	0	0	0	0	0	0	NaN	NA	-Inf	0	1	0	L. crispatus #1	#f032e6	magenta
Lc_1	L. crispatus	0	2040000	0	0	0	0	0	0	0	0	0	0	0	0	0	0	0	NaN	NA	-Inf	0	1	0	L. crispatus #1	#f032e6	magenta
Lc_1	L. crispatus	0	2040000	0	0	0	0	0	0	0	0	0	0	0	0	0	0	0	NaN	NA	-Inf	0	1	0	L. crispatus #1	#f032e6	magenta
Lc_1	L. crispatus	0	2040000	0	0	0	0	0	0	0	0	0	0	0	0	0	0	0	NaN	NA	-Inf	0	1	0	L. crispatus #1	#f032e6	magenta
Lc_1	L. crispatus	0	2040000	0	0	0	0	0	0	0	0	0	0	0	0	0	0	0	NaN	NA	-Inf	0	1	0	L. crispatus #1	#f032e6	magenta
Lc_1	L. crispatus	0	2040000	0	0	0	0	0	0	0	0	0	0	0	0	0	0	0	NaN	NA	-Inf	0	1	0	L. crispatus #1	#f032e6	magenta
Lc_1	L. crispatus	0	2040000	0	0	0	0	0	0	0	0	0	0	0	0	0	0	0	NaN	NA	-Inf	0	1	0	L. crispatus #1	#f032e6	magenta
Lc_1	L. crispatus	0	2040000	0	0	0	0	0	0	0	0	0	0	0	0	0	0	0	NaN	NA	-Inf	0	1	0	L. crispatus #1	#f032e6	magenta
Lc_1	L. crispatus	0	2040000	0	0	0	0	0	0	0	0	0	0	0	0	0	0	0	NaN	NA	-Inf	0	1	0	L. crispatus #1	#f032e6	magenta
Lc_1	L. crispatus	2	2040000	4080000	6246	6246	0	0	0	4611	4611	0	1609	1609	0	42	42	0	6246	6246	6246	2	7.5	2	L. crispatus #1	#f032e6	magenta
Lc_1	L. crispatus	2	2040000	4080000	6367	6367	0	0	0	4756	4756	0	1595	1595	0	39	39	0	6367	6367	6367	8	7.5	2	L. crispatus #1	#f032e6	magenta
Lc_1	L. crispatus	2	2040000	4080000	19701	19701	0	0	0	15060	15060	0	4642	4642	0	68	68	0	19701	19701	19701	15	7.5	2	L. crispatus #1	#f032e6	magenta
Lc_1	L. crispatus	2	2040000	4080000	3795	3795	0	0	0	2759	2759	0	1017	1017	0	24	24	0	3795	3795	3795	1	7.5	2	L. crispatus #1	#f032e6	magenta
Lc_1	L. crispatus	2	2040000	4080000	2669	2669	0	0	0	1914	1914	0	748	748	0	12	12	0	2669	2669	2669	0	7.5	2	L. crispatus #1	#f032e6	magenta
Lc_1	L. crispatus	2	2040000	4080000	15928	15928	0	0	0	11925	11925	0	3979	3979	0	74	74	0	15928	15928	15928	17	7.5	2	L. crispatus #1	#f032e6	magenta
Lc_1	L. crispatus	2	2040000	4080000	13081	13081	0	0	0	9891	9891	0	3165	3165	0	55	55	0	13081	13081	13081	9	7.5	2	L. crispatus #1	#f032e6	magenta
Lc_1	L. crispatus	2	2040000	4080000	3454	3454	0	0	0	2472	2472	0	961	961	0	28	28	0	3454	3454	3454	2	7.5	2	L. crispatus #1	#f032e6	magenta
Lc_1	L. crispatus	2	2040000	4080000	16504	16504	0	0	0	12411	12411	0	4074	4074	0	65	65	0	16504	16504	16504	15	7.5	2	L. crispatus #1	#f032e6	magenta
Lc_1	L. crispatus	2	2040000	4080000	3368	3368	0	0	0	2354	2354	0	1001	1001	0	20	20	0	3368	3368	3368	1	7.5	2	L. crispatus #1	#f032e6	magenta
Lc_1	L. crispatus	3	2040000	6120000	8361	8358	3	0	3	6196	6194	2	2132	2131	1	53	53	0	5332.666666666667	5981	6246	4	10	3	L. crispatus #1	#f032e6	magenta
Lc_1	L. crispatus	3	2040000	6120000	23149	23102	47	0	47	17445	17404	41	5672	5657	15	114	114	0	14009.333333333334	15868	19793	23	10	3	L. crispatus #1	#f032e6	magenta
Lc_1	L. crispatus	3	2040000	6120000	24487	24450	37	0	37	18633	18602	31	5837	5824	13	94	94	0	15188.666666666666	19701	22018	15	10	3	L. crispatus #1	#f032e6	magenta
Lc_1	L. crispatus	3	2040000	6120000	4723	4723	0	0	0	3455	3455	0	1250	1250	0	26	26	0	2740	3335	3795	1	10	3	L. crispatus #1	#f032e6	magenta
Lc_1	L. crispatus	3	2040000	6120000	5875	5875	0	0	0	4263	4263	0	1590	1590	0	34	34	0	3785.6666666666665	4044	4644	2	10	3	L. crispatus #1	#f032e6	magenta
Lc_1	L. crispatus	3	2040000	6120000	16331	16329	2	0	2	12253	12251	2	4056	4056	0	75	75	0	10596	15767	15928	17	10	3	L. crispatus #1	#f032e6	magenta
Lc_1	L. crispatus	3	2040000	6120000	20999	20986	13	0	13	15868	15856	12	5115	5113	2	88	87	1	11747	13081	19515	17	10	3	L. crispatus #1	#f032e6	magenta
Lc_1	L. crispatus	3	2040000	6120000	5335	5335	0	0	0	3869	3869	0	1442	1442	0	36	36	0	3160.6666666666665	3454	3918	2	10	3	L. crispatus #1	#f032e6	magenta
Lc_1	L. crispatus	3	2040000	6120000	26217	26111	106	0	106	19696	19601	95	6487	6459	28	112	112	0	16130.666666666666	16020	16504	23	10	3	L. crispatus #1	#f032e6	magenta
Lc_1	L. crispatus	3	2040000	6120000	23827	23794	33	0	33	17953	17926	27	5846	5835	11	104	104	0	15025.333333333334	20471	21237	17	10	3	L. crispatus #1	#f032e6	magenta
Lc_1	L. crispatus	4	2040000	8160000	9491	9485	6	0	6	6976	6971	5	2475	2473	2	61	61	0	4674.5	4924.5	6301	5	12.5	4	L. crispatus #1	#f032e6	magenta
Lc_1	L. crispatus	4	2040000	8160000	25375	25297	78	0	78	19098	19029	69	6238	6217	21	128	128	0	11995	12069	19793	24	12.5	4	L. crispatus #1	#f032e6	magenta
Lc_1	L. crispatus	4	2040000	8160000	24968	24923	45	0	45	18942	18903	39	6005	5992	13	99	99	0	11698.166666666666	11774	22018	15	12.5	4	L. crispatus #1	#f032e6	magenta
Lc_1	L. crispatus	4	2040000	8160000	5738	5738	0	0	0	4178	4178	0	1540	1540	0	31	31	0	2766.6666666666665	2971.5	3795	1	12.5	4	L. crispatus #1	#f032e6	magenta
Lc_1	L. crispatus	4	2040000	8160000	11618	11612	6	0	6	8638	8633	5	2954	2950	4	65	65	0	5761.833333333333	5977	8323	9	12.5	4	L. crispatus #1	#f032e6	magenta
Lc_1	L. crispatus	4	2040000	8160000	25925	25844	80	1	81	19562	19493	69	6329	6311	18	114	114	0	13175	15840.5	16059	21	12.5	4	L. crispatus #1	#f032e6	magenta
Lc_1	L. crispatus	4	2040000	8160000	24140	24109	31	0	31	18192	18167	25	5922	5913	9	102	101	1	10335.166666666666	8010.5	21771	17	12.5	4	L. crispatus #1	#f032e6	magenta
Lc_1	L. crispatus	4	2040000	8160000	11098	11091	7	0	7	8261	8256	5	2810	2805	5	66	66	0	5120.666666666667	5161	7581	9	12.5	4	L. crispatus #1	#f032e6	magenta
Lc_1	L. crispatus	4	2040000	8160000	30196	30031	165	0	165	22737	22591	146	7411	7371	40	137	136	1	15018.5	16262	19673	24	12.5	4	L. crispatus #1	#f032e6	magenta
Lc_1	L. crispatus	4	2040000	8160000	24181	24145	36	0	36	18226	18197	29	5927	5915	12	105	105	0	14428	20400	21237	17	12.5	4	L. crispatus #1	#f032e6	magenta
Lc_1	L. crispatus	7	2040000	14280000	10733	10722	11	0	11	7876	7866	10	2819	2816	3	68	68	0	3879.285714285714	3868	7245	5	25	7	L. crispatus #1	#f032e6	magenta
Lc_1	L. crispatus	7	2040000	14280000	27242	27138	104	0	104	20480	20387	93	6715	6688	27	139	138	1	7951.285714285715	6367	20323	24	25	7	L. crispatus #1	#f032e6	magenta
Lc_1	L. crispatus	7	2040000	14280000	28701	28561	140	0	140	21694	21569	125	6967	6940	27	127	126	1	8684.714285714286	5800	22155	17	25	7	L. crispatus #1	#f032e6	magenta
Lc_1	L. crispatus	7	2040000	14280000	6441	6440	1	0	1	4634	4633	1	1785	1785	0	36	36	0	2455.6190476190477	2904	3889	1	25	7	L. crispatus #1	#f032e6	magenta
Lc_1	L. crispatus	7	2040000	14280000	29631	29464	167	0	167	22212	22067	145	7360	7315	45	137	136	1	8941.142857142857	6367	22577	20	25	7	L. crispatus #1	#f032e6	magenta
Lc_1	L. crispatus	7	2040000	14280000	35858	35601	256	1	257	26908	26680	228	8887	8833	54	163	161	2	11468.952380952382	15289	21887	25	25	7	L. crispatus #1	#f032e6	magenta
Lc_1	L. crispatus	7	2040000	14280000	27504	27367	137	0	137	20589	20472	117	6865	6828	37	133	131	2	7676	6213	21771	21	25	7	L. crispatus #1	#f032e6	magenta
Lc_1	L. crispatus	7	2040000	14280000	36832	36540	292	0	292	27600	27341	259	9159	9090	69	171	170	1	12402.761904761905	15815	22577	25	25	7	L. crispatus #1	#f032e6	magenta
Lc_1	L. crispatus	7	2040000	14280000	34816	34581	235	0	235	26140	25934	206	8615	8554	61	154	153	1	10798.857142857143	12449	22930	25	25	7	L. crispatus #1	#f032e6	magenta
Lc_1	L. crispatus	7	2040000	14280000	25737	25671	66	0	66	19338	19282	56	6365	6347	18	115	115	0	11034.142857142857	4576	21237	17	25	7	L. crispatus #1	#f032e6	magenta
Lc_1	L. crispatus	14	2040000	28560000	43011	42556	452	3	455	31905	31502	403	11000	10899	101	208	205	3	10560.131868131868	7245	23148	32	50	14	L. crispatus #1	#f032e6	magenta
Lc_1	L. crispatus	14	2040000	28560000	30881	30719	161	1	162	23079	22936	143	7739	7695	44	156	155	1	5500.626373626374	3063	22930	25	50	14	L. crispatus #1	#f032e6	magenta
Lc_1	L. crispatus	14	2040000	28560000	31692	31501	191	0	191	23699	23533	166	7928	7886	42	159	156	3	8489.505494505494	3889	22156	22	50	14	L. crispatus #1	#f032e6	magenta
Lc_1	L. crispatus	14	2040000	28560000	31776	31597	179	0	179	23743	23584	159	7965	7921	44	165	164	1	5876.857142857143	3127	23148	27	50	14	L. crispatus #1	#f032e6	magenta
Lc_1	L. crispatus	14	2040000	28560000	43031	42562	465	4	469	32007	31588	419	10931	10824	107	198	196	2	9780.923076923076	6367	23148	29	50	14	L. crispatus #1	#f032e6	magenta
Lc_1	L. crispatus	14	2040000	28560000	42239	41811	425	3	428	31419	31034	385	10729	10638	91	197	195	2	10415.10989010989	7366	23148	31	50	14	L. crispatus #1	#f032e6	magenta
Lc_1	L. crispatus	14	2040000	28560000	30605	30407	198	0	198	22727	22555	172	7803	7754	49	163	161	2	5651.945054945055	3179	21837	23	50	14	L. crispatus #1	#f032e6	magenta
Lc_1	L. crispatus	14	2040000	28560000	42763	42308	453	2	455	31781	31376	405	10879	10773	106	205	203	2	10670.802197802197	8269	23148	30	50	14	L. crispatus #1	#f032e6	magenta
Lc_1	L. crispatus	14	2040000	28560000	42042	41659	381	2	383	31273	30935	338	10683	10591	92	190	189	1	10639.824175824177	12997	22930	29	50	14	L. crispatus #1	#f032e6	magenta
Lc_1	L. crispatus	14	2040000	28560000	29614	29447	167	0	167	22074	21929	145	7480	7437	43	150	148	2	7058.681318681319	3368	21237	21	50	14	L. crispatus #1	#f032e6	magenta
Lc_1	L. crispatus	21	2040000	42840000	43716	43237	475	4	479	32355	31930	425	11250	11144	106	212	209	3	9088.952380952382	4550	23148	32	75	21	L. crispatus #1	#f032e6	magenta
Lc_1	L. crispatus	21	2040000	42840000	44176	43678	494	4	498	32701	32259	442	11364	11246	118	213	210	3	8433.395238095238	3606.5	23148	31	75	21	L. crispatus #1	#f032e6	magenta
Lc_1	L. crispatus	21	2040000	42840000	40571	40191	380	0	380	30140	29806	334	10331	10242	89	204	201	3	10242.780952380952	7252.5	22800	30	75	21	L. crispatus #1	#f032e6	magenta
Lc_1	L. crispatus	21	2040000	42840000	44094	43591	500	3	503	32735	32286	449	11251	11138	113	212	210	2	9771.27619047619	6334	23148	33	75	21	L. crispatus #1	#f032e6	magenta
Lc_1	L. crispatus	21	2040000	42840000	44402	43904	493	5	498	32874	32433	441	11418	11300	118	213	210	3	10285.504761904762	7536.5	23148	31	75	21	L. crispatus #1	#f032e6	magenta
Lc_1	L. crispatus	21	2040000	42840000	44251	43754	493	4	497	32750	32313	437	11390	11275	115	216	213	3	10254.57142857143	6296	23148	31	75	21	L. crispatus #1	#f032e6	magenta
Lc_1	L. crispatus	21	2040000	42840000	45099	44582	514	3	517	33315	32856	459	11661	11540	121	227	225	2	9350.766666666666	6229.5	23148	34	75	21	L. crispatus #1	#f032e6	magenta
Lc_1	L. crispatus	21	2040000	42840000	44012	43503	505	4	509	32573	32122	451	11318	11200	118	222	219	3	9574.033333333333	6269.5	23148	33	75	21	L. crispatus #1	#f032e6	magenta
Lc_1	L. crispatus	21	2040000	42840000	44268	43776	487	5	492	32819	32383	436	11343	11225	118	209	207	2	8952.257142857143	3893.5	22930	31	75	21	L. crispatus #1	#f032e6	magenta
Lc_1	L. crispatus	21	2040000	42840000	39622	39252	367	3	370	29403	29081	322	10126	10033	93	195	192	3	8049.742857142857	3450.5	23148	28	75	21	L. crispatus #1	#f032e6	magenta
